series_id,obs_date,value
DST:ATYP032:ARBEJDSTIMER=-15:UDVALGTELØNMODTAGERE=IKKE:KØN=00:HERKOMST=10,2008-12-31,78935.0
DST:ATYP032:ARBEJDSTIMER=-15:UDVALGTELØNMODTAGERE=IKKE:KØN=00:HERKOMST=10,2009-12-31,78407.0
DST:ATYP032:ARBEJDSTIMER=-15:UDVALGTELØNMODTAGERE=IKKE:KØN=00:HERKOMST=10,2010-12-31,74232.0
DST:ATYP032:ARBEJDSTIMER=-15:UDVALGTELØNMODTAGERE=IKKE:KØN=00:HERKOMST=10,2011-12-31,70618.0
DST:ATYP032:ARBEJDSTIMER=-15:UDVALGTELØNMODTAGERE=IKKE:KØN=00:HERKOMST=10,2012-12-31,67213.0
DST:ATYP032:ARBEJDSTIMER=-15:UDVALGTELØNMODTAGERE=IKKE:KØN=00:HERKOMST=10,2013-12-31,70791.0
DST:ATYP032:ARBEJDSTIMER=-15:UDVALGTELØNMODTAGERE=IKKE:KØN=00:HERKOMST=10,2014-12-31,76394.0
DST:ATYP032:ARBEJDSTIMER=-15:UDVALGTELØNMODTAGERE=IKKE:KØN=00:HERKOMST=10,2015-12-31,68793.0
DST:ATYP032:ARBEJDSTIMER=-15:UDVALGTELØNMODTAGERE=IKKE:KØN=00:HERKOMST=10,2016-12-31,88932.0
DST:ATYP032:ARBEJDSTIMER=-15:UDVALGTELØNMODTAGERE=IKKE:KØN=00:HERKOMST=10,2017-12-31,92745.0
DST:ATYP032:ARBEJDSTIMER=-15:UDVALGTELØNMODTAGERE=IKKE:KØN=00:HERKOMST=10,2018-12-31,98343.0
DST:ATYP032:ARBEJDSTIMER=-15:UDVALGTELØNMODTAGERE=IKKE:KØN=00:HERKOMST=10,2019-12-31,106139.0
DST:ATYP032:ARBEJDSTIMER=-15:UDVALGTELØNMODTAGERE=IKKE:KØN=00:HERKOMST=10,2020-12-31,102418.0
DST:ATYP032:ARBEJDSTIMER=-15:UDVALGTELØNMODTAGERE=IKKE:KØN=00:HERKOMST=10,2021-12-31,110003.0
DST:ATYP032:ARBEJDSTIMER=-15:UDVALGTELØNMODTAGERE=IKKE:KØN=00:HERKOMST=10,2022-12-31,121788.0
DST:ATYP032:ARBEJDSTIMER=-15:UDVALGTELØNMODTAGERE=IKKE:KØN=00:HERKOMST=10,2023-12-31,125302.0
DST:ATYP032:ARBEJDSTIMER=-15:UDVALGTELØNMODTAGERE=IKKE:KØN=00:HERKOMST=10,2024-12-31,128399.0
DST:ATYP032:ARBEJDSTIMER=-15:UDVALGTELØNMODTAGERE=IKKE:KØN=00:HERKOMST=24,2008-12-31,4109.0
DST:ATYP032:ARBEJDSTIMER=-15:UDVALGTELØNMODTAGERE=IKKE:KØN=00:HERKOMST=24,2009-12-31,4287.0
DST:ATYP032:ARBEJDSTIMER=-15:UDVALGTELØNMODTAGERE=IKKE:KØN=00:HERKOMST=24,2010-12-31,4467.0
DST:ATYP032:ARBEJDSTIMER=-15:UDVALGTELØNMODTAGERE=IKKE:KØN=00:HERKOMST=24,2011-12-31,4806.0
DST:ATYP032:ARBEJDSTIMER=-15:UDVALGTELØNMODTAGERE=IKKE:KØN=00:HERKOMST=24,2012-12-31,4815.0
DST:ATYP032:ARBEJDSTIMER=-15:UDVALGTELØNMODTAGERE=IKKE:KØN=00:HERKOMST=24,2013-12-31,5318.0
DST:ATYP032:ARBEJDSTIMER=-15:UDVALGTELØNMODTAGERE=IKKE:KØN=00:HERKOMST=24,2014-12-31,5732.0
DST:ATYP032:ARBEJDSTIMER=-15:UDVALGTELØNMODTAGERE=IKKE:KØN=00:HERKOMST=24,2015-12-31,6148.0
DST:ATYP032:ARBEJDSTIMER=-15:UDVALGTELØNMODTAGERE=IKKE:KØN=00:HERKOMST=24,2016-12-31,7028.0
DST:ATYP032:ARBEJDSTIMER=-15:UDVALGTELØNMODTAGERE=IKKE:KØN=00:HERKOMST=24,2017-12-31,6516.0
DST:ATYP032:ARBEJDSTIMER=-15:UDVALGTELØNMODTAGERE=IKKE:KØN=00:HERKOMST=24,2018-12-31,6989.0
DST:ATYP032:ARBEJDSTIMER=-15:UDVALGTELØNMODTAGERE=IKKE:KØN=00:HERKOMST=24,2019-12-31,7129.0
DST:ATYP032:ARBEJDSTIMER=-15:UDVALGTELØNMODTAGERE=IKKE:KØN=00:HERKOMST=24,2020-12-31,6670.0
DST:ATYP032:ARBEJDSTIMER=-15:UDVALGTELØNMODTAGERE=IKKE:KØN=00:HERKOMST=24,2021-12-31,6869.0
DST:ATYP032:ARBEJDSTIMER=-15:UDVALGTELØNMODTAGERE=IKKE:KØN=00:HERKOMST=24,2022-12-31,7753.0
DST:ATYP032:ARBEJDSTIMER=-15:UDVALGTELØNMODTAGERE=IKKE:KØN=00:HERKOMST=24,2023-12-31,8452.0
DST:ATYP032:ARBEJDSTIMER=-15:UDVALGTELØNMODTAGERE=IKKE:KØN=00:HERKOMST=24,2024-12-31,8514.0
DST:ATYP032:ARBEJDSTIMER=-15:UDVALGTELØNMODTAGERE=IKKE:KØN=00:HERKOMST=25,2008-12-31,8049.0
DST:ATYP032:ARBEJDSTIMER=-15:UDVALGTELØNMODTAGERE=IKKE:KØN=00:HERKOMST=25,2009-12-31,7745.0
DST:ATYP032:ARBEJDSTIMER=-15:UDVALGTELØNMODTAGERE=IKKE:KØN=00:HERKOMST=25,2010-12-31,7620.0
DST:ATYP032:ARBEJDSTIMER=-15:UDVALGTELØNMODTAGERE=IKKE:KØN=00:HERKOMST=25,2011-12-31,7712.0
DST:ATYP032:ARBEJDSTIMER=-15:UDVALGTELØNMODTAGERE=IKKE:KØN=00:HERKOMST=25,2012-12-31,7635.0
DST:ATYP032:ARBEJDSTIMER=-15:UDVALGTELØNMODTAGERE=IKKE:KØN=00:HERKOMST=25,2013-12-31,8642.0
DST:ATYP032:ARBEJDSTIMER=-15:UDVALGTELØNMODTAGERE=IKKE:KØN=00:HERKOMST=25,2014-12-31,9395.0
DST:ATYP032:ARBEJDSTIMER=-15:UDVALGTELØNMODTAGERE=IKKE:KØN=00:HERKOMST=25,2015-12-31,9715.0
DST:ATYP032:ARBEJDSTIMER=-15:UDVALGTELØNMODTAGERE=IKKE:KØN=00:HERKOMST=25,2016-12-31,12521.0
DST:ATYP032:ARBEJDSTIMER=-15:UDVALGTELØNMODTAGERE=IKKE:KØN=00:HERKOMST=25,2017-12-31,13556.0
DST:ATYP032:ARBEJDSTIMER=-15:UDVALGTELØNMODTAGERE=IKKE:KØN=00:HERKOMST=25,2018-12-31,14453.0
DST:ATYP032:ARBEJDSTIMER=-15:UDVALGTELØNMODTAGERE=IKKE:KØN=00:HERKOMST=25,2019-12-31,14777.0
DST:ATYP032:ARBEJDSTIMER=-15:UDVALGTELØNMODTAGERE=IKKE:KØN=00:HERKOMST=25,2020-12-31,13906.0
DST:ATYP032:ARBEJDSTIMER=-15:UDVALGTELØNMODTAGERE=IKKE:KØN=00:HERKOMST=25,2021-12-31,14546.0
DST:ATYP032:ARBEJDSTIMER=-15:UDVALGTELØNMODTAGERE=IKKE:KØN=00:HERKOMST=25,2022-12-31,16573.0
DST:ATYP032:ARBEJDSTIMER=-15:UDVALGTELØNMODTAGERE=IKKE:KØN=00:HERKOMST=25,2023-12-31,18318.0
DST:ATYP032:ARBEJDSTIMER=-15:UDVALGTELØNMODTAGERE=IKKE:KØN=00:HERKOMST=25,2024-12-31,19651.0
DST:ATYP032:ARBEJDSTIMER=-15:UDVALGTELØNMODTAGERE=IKKE:KØN=00:HERKOMST=34,2008-12-31,295.0
DST:ATYP032:ARBEJDSTIMER=-15:UDVALGTELØNMODTAGERE=IKKE:KØN=00:HERKOMST=34,2009-12-31,275.0
DST:ATYP032:ARBEJDSTIMER=-15:UDVALGTELØNMODTAGERE=IKKE:KØN=00:HERKOMST=34,2010-12-31,284.0
DST:ATYP032:ARBEJDSTIMER=-15:UDVALGTELØNMODTAGERE=IKKE:KØN=00:HERKOMST=34,2011-12-31,285.0
DST:ATYP032:ARBEJDSTIMER=-15:UDVALGTELØNMODTAGERE=IKKE:KØN=00:HERKOMST=34,2012-12-31,267.0
DST:ATYP032:ARBEJDSTIMER=-15:UDVALGTELØNMODTAGERE=IKKE:KØN=00:HERKOMST=34,2013-12-31,272.0
DST:ATYP032:ARBEJDSTIMER=-15:UDVALGTELØNMODTAGERE=IKKE:KØN=00:HERKOMST=34,2014-12-31,297.0
DST:ATYP032:ARBEJDSTIMER=-15:UDVALGTELØNMODTAGERE=IKKE:KØN=00:HERKOMST=34,2015-12-31,296.0
DST:ATYP032:ARBEJDSTIMER=-15:UDVALGTELØNMODTAGERE=IKKE:KØN=00:HERKOMST=34,2016-12-31,339.0
DST:ATYP032:ARBEJDSTIMER=-15:UDVALGTELØNMODTAGERE=IKKE:KØN=00:HERKOMST=34,2017-12-31,352.0
DST:ATYP032:ARBEJDSTIMER=-15:UDVALGTELØNMODTAGERE=IKKE:KØN=00:HERKOMST=34,2018-12-31,414.0
DST:ATYP032:ARBEJDSTIMER=-15:UDVALGTELØNMODTAGERE=IKKE:KØN=00:HERKOMST=34,2019-12-31,403.0
DST:ATYP032:ARBEJDSTIMER=-15:UDVALGTELØNMODTAGERE=IKKE:KØN=00:HERKOMST=34,2020-12-31,407.0
DST:ATYP032:ARBEJDSTIMER=-15:UDVALGTELØNMODTAGERE=IKKE:KØN=00:HERKOMST=34,2021-12-31,399.0
DST:ATYP032:ARBEJDSTIMER=-15:UDVALGTELØNMODTAGERE=IKKE:KØN=00:HERKOMST=34,2022-12-31,445.0
DST:ATYP032:ARBEJDSTIMER=-15:UDVALGTELØNMODTAGERE=IKKE:KØN=00:HERKOMST=34,2023-12-31,469.0
DST:ATYP032:ARBEJDSTIMER=-15:UDVALGTELØNMODTAGERE=IKKE:KØN=00:HERKOMST=34,2024-12-31,492.0
DST:ATYP032:ARBEJDSTIMER=-15:UDVALGTELØNMODTAGERE=IKKE:KØN=00:HERKOMST=35,2008-12-31,1629.0
DST:ATYP032:ARBEJDSTIMER=-15:UDVALGTELØNMODTAGERE=IKKE:KØN=00:HERKOMST=35,2009-12-31,1686.0
DST:ATYP032:ARBEJDSTIMER=-15:UDVALGTELØNMODTAGERE=IKKE:KØN=00:HERKOMST=35,2010-12-31,1598.0
DST:ATYP032:ARBEJDSTIMER=-15:UDVALGTELØNMODTAGERE=IKKE:KØN=00:HERKOMST=35,2011-12-31,1705.0
DST:ATYP032:ARBEJDSTIMER=-15:UDVALGTELØNMODTAGERE=IKKE:KØN=00:HERKOMST=35,2012-12-31,1763.0
DST:ATYP032:ARBEJDSTIMER=-15:UDVALGTELØNMODTAGERE=IKKE:KØN=00:HERKOMST=35,2013-12-31,2000.0
DST:ATYP032:ARBEJDSTIMER=-15:UDVALGTELØNMODTAGERE=IKKE:KØN=00:HERKOMST=35,2014-12-31,2238.0
DST:ATYP032:ARBEJDSTIMER=-15:UDVALGTELØNMODTAGERE=IKKE:KØN=00:HERKOMST=35,2015-12-31,2467.0
DST:ATYP032:ARBEJDSTIMER=-15:UDVALGTELØNMODTAGERE=IKKE:KØN=00:HERKOMST=35,2016-12-31,2799.0
DST:ATYP032:ARBEJDSTIMER=-15:UDVALGTELØNMODTAGERE=IKKE:KØN=00:HERKOMST=35,2017-12-31,2967.0
DST:ATYP032:ARBEJDSTIMER=-15:UDVALGTELØNMODTAGERE=IKKE:KØN=00:HERKOMST=35,2018-12-31,3112.0
DST:ATYP032:ARBEJDSTIMER=-15:UDVALGTELØNMODTAGERE=IKKE:KØN=00:HERKOMST=35,2019-12-31,3380.0
DST:ATYP032:ARBEJDSTIMER=-15:UDVALGTELØNMODTAGERE=IKKE:KØN=00:HERKOMST=35,2020-12-31,3191.0
DST:ATYP032:ARBEJDSTIMER=-15:UDVALGTELØNMODTAGERE=IKKE:KØN=00:HERKOMST=35,2021-12-31,3539.0
DST:ATYP032:ARBEJDSTIMER=-15:UDVALGTELØNMODTAGERE=IKKE:KØN=00:HERKOMST=35,2022-12-31,3831.0
DST:ATYP032:ARBEJDSTIMER=-15:UDVALGTELØNMODTAGERE=IKKE:KØN=00:HERKOMST=35,2023-12-31,4037.0
DST:ATYP032:ARBEJDSTIMER=-15:UDVALGTELØNMODTAGERE=IKKE:KØN=00:HERKOMST=35,2024-12-31,4273.0
DST:ATYP032:ARBEJDSTIMER=-15:UDVALGTELØNMODTAGERE=IKKE:KØN=00:HERKOMST=TOTAL,2008-12-31,93017.0
DST:ATYP032:ARBEJDSTIMER=-15:UDVALGTELØNMODTAGERE=IKKE:KØN=00:HERKOMST=TOTAL,2009-12-31,92400.0
DST:ATYP032:ARBEJDSTIMER=-15:UDVALGTELØNMODTAGERE=IKKE:KØN=00:HERKOMST=TOTAL,2010-12-31,88201.0
DST:ATYP032:ARBEJDSTIMER=-15:UDVALGTELØNMODTAGERE=IKKE:KØN=00:HERKOMST=TOTAL,2011-12-31,85126.0
DST:ATYP032:ARBEJDSTIMER=-15:UDVALGTELØNMODTAGERE=IKKE:KØN=00:HERKOMST=TOTAL,2012-12-31,81693.0
DST:ATYP032:ARBEJDSTIMER=-15:UDVALGTELØNMODTAGERE=IKKE:KØN=00:HERKOMST=TOTAL,2013-12-31,87023.0
DST:ATYP032:ARBEJDSTIMER=-15:UDVALGTELØNMODTAGERE=IKKE:KØN=00:HERKOMST=TOTAL,2014-12-31,94056.0
DST:ATYP032:ARBEJDSTIMER=-15:UDVALGTELØNMODTAGERE=IKKE:KØN=00:HERKOMST=TOTAL,2015-12-31,87419.0
DST:ATYP032:ARBEJDSTIMER=-15:UDVALGTELØNMODTAGERE=IKKE:KØN=00:HERKOMST=TOTAL,2016-12-31,111619.0
DST:ATYP032:ARBEJDSTIMER=-15:UDVALGTELØNMODTAGERE=IKKE:KØN=00:HERKOMST=TOTAL,2017-12-31,116136.0
DST:ATYP032:ARBEJDSTIMER=-15:UDVALGTELØNMODTAGERE=IKKE:KØN=00:HERKOMST=TOTAL,2018-12-31,123311.0
DST:ATYP032:ARBEJDSTIMER=-15:UDVALGTELØNMODTAGERE=IKKE:KØN=00:HERKOMST=TOTAL,2019-12-31,131828.0
DST:ATYP032:ARBEJDSTIMER=-15:UDVALGTELØNMODTAGERE=IKKE:KØN=00:HERKOMST=TOTAL,2020-12-31,126592.0
DST:ATYP032:ARBEJDSTIMER=-15:UDVALGTELØNMODTAGERE=IKKE:KØN=00:HERKOMST=TOTAL,2021-12-31,135356.0
DST:ATYP032:ARBEJDSTIMER=-15:UDVALGTELØNMODTAGERE=IKKE:KØN=00:HERKOMST=TOTAL,2022-12-31,150390.0
DST:ATYP032:ARBEJDSTIMER=-15:UDVALGTELØNMODTAGERE=IKKE:KØN=00:HERKOMST=TOTAL,2023-12-31,156578.0
DST:ATYP032:ARBEJDSTIMER=-15:UDVALGTELØNMODTAGERE=IKKE:KØN=00:HERKOMST=TOTAL,2024-12-31,161329.0
DST:ATYP032:ARBEJDSTIMER=-15:UDVALGTELØNMODTAGERE=IKKE:KØN=K:HERKOMST=10,2008-12-31,43991.0
DST:ATYP032:ARBEJDSTIMER=-15:UDVALGTELØNMODTAGERE=IKKE:KØN=K:HERKOMST=10,2009-12-31,42631.0
DST:ATYP032:ARBEJDSTIMER=-15:UDVALGTELØNMODTAGERE=IKKE:KØN=K:HERKOMST=10,2010-12-31,40038.0
DST:ATYP032:ARBEJDSTIMER=-15:UDVALGTELØNMODTAGERE=IKKE:KØN=K:HERKOMST=10,2011-12-31,38757.0
DST:ATYP032:ARBEJDSTIMER=-15:UDVALGTELØNMODTAGERE=IKKE:KØN=K:HERKOMST=10,2012-12-31,36958.0
DST:ATYP032:ARBEJDSTIMER=-15:UDVALGTELØNMODTAGERE=IKKE:KØN=K:HERKOMST=10,2013-12-31,38979.0
DST:ATYP032:ARBEJDSTIMER=-15:UDVALGTELØNMODTAGERE=IKKE:KØN=K:HERKOMST=10,2014-12-31,42143.0
DST:ATYP032:ARBEJDSTIMER=-15:UDVALGTELØNMODTAGERE=IKKE:KØN=K:HERKOMST=10,2015-12-31,37535.0
DST:ATYP032:ARBEJDSTIMER=-15:UDVALGTELØNMODTAGERE=IKKE:KØN=K:HERKOMST=10,2016-12-31,50000.0
DST:ATYP032:ARBEJDSTIMER=-15:UDVALGTELØNMODTAGERE=IKKE:KØN=K:HERKOMST=10,2017-12-31,52593.0
DST:ATYP032:ARBEJDSTIMER=-15:UDVALGTELØNMODTAGERE=IKKE:KØN=K:HERKOMST=10,2018-12-31,56085.0
DST:ATYP032:ARBEJDSTIMER=-15:UDVALGTELØNMODTAGERE=IKKE:KØN=K:HERKOMST=10,2019-12-31,61116.0
DST:ATYP032:ARBEJDSTIMER=-15:UDVALGTELØNMODTAGERE=IKKE:KØN=K:HERKOMST=10,2020-12-31,58707.0
DST:ATYP032:ARBEJDSTIMER=-15:UDVALGTELØNMODTAGERE=IKKE:KØN=K:HERKOMST=10,2021-12-31,63610.0
DST:ATYP032:ARBEJDSTIMER=-15:UDVALGTELØNMODTAGERE=IKKE:KØN=K:HERKOMST=10,2022-12-31,70704.0
DST:ATYP032:ARBEJDSTIMER=-15:UDVALGTELØNMODTAGERE=IKKE:KØN=K:HERKOMST=10,2023-12-31,73138.0
DST:ATYP032:ARBEJDSTIMER=-15:UDVALGTELØNMODTAGERE=IKKE:KØN=K:HERKOMST=10,2024-12-31,74869.0
DST:ATYP032:ARBEJDSTIMER=-15:UDVALGTELØNMODTAGERE=IKKE:KØN=K:HERKOMST=24,2008-12-31,2378.0
DST:ATYP032:ARBEJDSTIMER=-15:UDVALGTELØNMODTAGERE=IKKE:KØN=K:HERKOMST=24,2009-12-31,2439.0
DST:ATYP032:ARBEJDSTIMER=-15:UDVALGTELØNMODTAGERE=IKKE:KØN=K:HERKOMST=24,2010-12-31,2592.0
DST:ATYP032:ARBEJDSTIMER=-15:UDVALGTELØNMODTAGERE=IKKE:KØN=K:HERKOMST=24,2011-12-31,2713.0
DST:ATYP032:ARBEJDSTIMER=-15:UDVALGTELØNMODTAGERE=IKKE:KØN=K:HERKOMST=24,2012-12-31,2630.0
DST:ATYP032:ARBEJDSTIMER=-15:UDVALGTELØNMODTAGERE=IKKE:KØN=K:HERKOMST=24,2013-12-31,2985.0
DST:ATYP032:ARBEJDSTIMER=-15:UDVALGTELØNMODTAGERE=IKKE:KØN=K:HERKOMST=24,2014-12-31,3146.0
DST:ATYP032:ARBEJDSTIMER=-15:UDVALGTELØNMODTAGERE=IKKE:KØN=K:HERKOMST=24,2015-12-31,3443.0
DST:ATYP032:ARBEJDSTIMER=-15:UDVALGTELØNMODTAGERE=IKKE:KØN=K:HERKOMST=24,2016-12-31,4025.0
DST:ATYP032:ARBEJDSTIMER=-15:UDVALGTELØNMODTAGERE=IKKE:KØN=K:HERKOMST=24,2017-12-31,3745.0
DST:ATYP032:ARBEJDSTIMER=-15:UDVALGTELØNMODTAGERE=IKKE:KØN=K:HERKOMST=24,2018-12-31,4014.0
DST:ATYP032:ARBEJDSTIMER=-15:UDVALGTELØNMODTAGERE=IKKE:KØN=K:HERKOMST=24,2019-12-31,4215.0
DST:ATYP032:ARBEJDSTIMER=-15:UDVALGTELØNMODTAGERE=IKKE:KØN=K:HERKOMST=24,2020-12-31,3950.0
DST:ATYP032:ARBEJDSTIMER=-15:UDVALGTELØNMODTAGERE=IKKE:KØN=K:HERKOMST=24,2021-12-31,3962.0
DST:ATYP032:ARBEJDSTIMER=-15:UDVALGTELØNMODTAGERE=IKKE:KØN=K:HERKOMST=24,2022-12-31,4550.0
DST:ATYP032:ARBEJDSTIMER=-15:UDVALGTELØNMODTAGERE=IKKE:KØN=K:HERKOMST=24,2023-12-31,4865.0
DST:ATYP032:ARBEJDSTIMER=-15:UDVALGTELØNMODTAGERE=IKKE:KØN=K:HERKOMST=24,2024-12-31,4923.0
DST:ATYP032:ARBEJDSTIMER=-15:UDVALGTELØNMODTAGERE=IKKE:KØN=K:HERKOMST=25,2008-12-31,3912.0
DST:ATYP032:ARBEJDSTIMER=-15:UDVALGTELØNMODTAGERE=IKKE:KØN=K:HERKOMST=25,2009-12-31,3827.0
DST:ATYP032:ARBEJDSTIMER=-15:UDVALGTELØNMODTAGERE=IKKE:KØN=K:HERKOMST=25,2010-12-31,3728.0
DST:ATYP032:ARBEJDSTIMER=-15:UDVALGTELØNMODTAGERE=IKKE:KØN=K:HERKOMST=25,2011-12-31,3667.0
DST:ATYP032:ARBEJDSTIMER=-15:UDVALGTELØNMODTAGERE=IKKE:KØN=K:HERKOMST=25,2012-12-31,3713.0
DST:ATYP032:ARBEJDSTIMER=-15:UDVALGTELØNMODTAGERE=IKKE:KØN=K:HERKOMST=25,2013-12-31,4070.0
DST:ATYP032:ARBEJDSTIMER=-15:UDVALGTELØNMODTAGERE=IKKE:KØN=K:HERKOMST=25,2014-12-31,4429.0
DST:ATYP032:ARBEJDSTIMER=-15:UDVALGTELØNMODTAGERE=IKKE:KØN=K:HERKOMST=25,2015-12-31,4615.0
DST:ATYP032:ARBEJDSTIMER=-15:UDVALGTELØNMODTAGERE=IKKE:KØN=K:HERKOMST=25,2016-12-31,6092.0
DST:ATYP032:ARBEJDSTIMER=-15:UDVALGTELØNMODTAGERE=IKKE:KØN=K:HERKOMST=25,2017-12-31,6583.0
DST:ATYP032:ARBEJDSTIMER=-15:UDVALGTELØNMODTAGERE=IKKE:KØN=K:HERKOMST=25,2018-12-31,7106.0
DST:ATYP032:ARBEJDSTIMER=-15:UDVALGTELØNMODTAGERE=IKKE:KØN=K:HERKOMST=25,2019-12-31,7653.0
DST:ATYP032:ARBEJDSTIMER=-15:UDVALGTELØNMODTAGERE=IKKE:KØN=K:HERKOMST=25,2020-12-31,7194.0
DST:ATYP032:ARBEJDSTIMER=-15:UDVALGTELØNMODTAGERE=IKKE:KØN=K:HERKOMST=25,2021-12-31,7721.0
DST:ATYP032:ARBEJDSTIMER=-15:UDVALGTELØNMODTAGERE=IKKE:KØN=K:HERKOMST=25,2022-12-31,9184.0
DST:ATYP032:ARBEJDSTIMER=-15:UDVALGTELØNMODTAGERE=IKKE:KØN=K:HERKOMST=25,2023-12-31,10004.0
DST:ATYP032:ARBEJDSTIMER=-15:UDVALGTELØNMODTAGERE=IKKE:KØN=K:HERKOMST=25,2024-12-31,10605.0
DST:ATYP032:ARBEJDSTIMER=-15:UDVALGTELØNMODTAGERE=IKKE:KØN=K:HERKOMST=34,2008-12-31,147.0
DST:ATYP032:ARBEJDSTIMER=-15:UDVALGTELØNMODTAGERE=IKKE:KØN=K:HERKOMST=34,2009-12-31,146.0
DST:ATYP032:ARBEJDSTIMER=-15:UDVALGTELØNMODTAGERE=IKKE:KØN=K:HERKOMST=34,2010-12-31,148.0
DST:ATYP032:ARBEJDSTIMER=-15:UDVALGTELØNMODTAGERE=IKKE:KØN=K:HERKOMST=34,2011-12-31,141.0
DST:ATYP032:ARBEJDSTIMER=-15:UDVALGTELØNMODTAGERE=IKKE:KØN=K:HERKOMST=34,2012-12-31,137.0
DST:ATYP032:ARBEJDSTIMER=-15:UDVALGTELØNMODTAGERE=IKKE:KØN=K:HERKOMST=34,2013-12-31,136.0
DST:ATYP032:ARBEJDSTIMER=-15:UDVALGTELØNMODTAGERE=IKKE:KØN=K:HERKOMST=34,2014-12-31,152.0
DST:ATYP032:ARBEJDSTIMER=-15:UDVALGTELØNMODTAGERE=IKKE:KØN=K:HERKOMST=34,2015-12-31,153.0
DST:ATYP032:ARBEJDSTIMER=-15:UDVALGTELØNMODTAGERE=IKKE:KØN=K:HERKOMST=34,2016-12-31,166.0
DST:ATYP032:ARBEJDSTIMER=-15:UDVALGTELØNMODTAGERE=IKKE:KØN=K:HERKOMST=34,2017-12-31,163.0
DST:ATYP032:ARBEJDSTIMER=-15:UDVALGTELØNMODTAGERE=IKKE:KØN=K:HERKOMST=34,2018-12-31,217.0
DST:ATYP032:ARBEJDSTIMER=-15:UDVALGTELØNMODTAGERE=IKKE:KØN=K:HERKOMST=34,2019-12-31,214.0
DST:ATYP032:ARBEJDSTIMER=-15:UDVALGTELØNMODTAGERE=IKKE:KØN=K:HERKOMST=34,2020-12-31,211.0
DST:ATYP032:ARBEJDSTIMER=-15:UDVALGTELØNMODTAGERE=IKKE:KØN=K:HERKOMST=34,2021-12-31,206.0
DST:ATYP032:ARBEJDSTIMER=-15:UDVALGTELØNMODTAGERE=IKKE:KØN=K:HERKOMST=34,2022-12-31,229.0
DST:ATYP032:ARBEJDSTIMER=-15:UDVALGTELØNMODTAGERE=IKKE:KØN=K:HERKOMST=34,2023-12-31,229.0
DST:ATYP032:ARBEJDSTIMER=-15:UDVALGTELØNMODTAGERE=IKKE:KØN=K:HERKOMST=34,2024-12-31,253.0
DST:ATYP032:ARBEJDSTIMER=-15:UDVALGTELØNMODTAGERE=IKKE:KØN=K:HERKOMST=35,2008-12-31,824.0
DST:ATYP032:ARBEJDSTIMER=-15:UDVALGTELØNMODTAGERE=IKKE:KØN=K:HERKOMST=35,2009-12-31,828.0
DST:ATYP032:ARBEJDSTIMER=-15:UDVALGTELØNMODTAGERE=IKKE:KØN=K:HERKOMST=35,2010-12-31,743.0
DST:ATYP032:ARBEJDSTIMER=-15:UDVALGTELØNMODTAGERE=IKKE:KØN=K:HERKOMST=35,2011-12-31,806.0
DST:ATYP032:ARBEJDSTIMER=-15:UDVALGTELØNMODTAGERE=IKKE:KØN=K:HERKOMST=35,2012-12-31,853.0
DST:ATYP032:ARBEJDSTIMER=-15:UDVALGTELØNMODTAGERE=IKKE:KØN=K:HERKOMST=35,2013-12-31,934.0
DST:ATYP032:ARBEJDSTIMER=-15:UDVALGTELØNMODTAGERE=IKKE:KØN=K:HERKOMST=35,2014-12-31,1013.0
DST:ATYP032:ARBEJDSTIMER=-15:UDVALGTELØNMODTAGERE=IKKE:KØN=K:HERKOMST=35,2015-12-31,1207.0
DST:ATYP032:ARBEJDSTIMER=-15:UDVALGTELØNMODTAGERE=IKKE:KØN=K:HERKOMST=35,2016-12-31,1354.0
DST:ATYP032:ARBEJDSTIMER=-15:UDVALGTELØNMODTAGERE=IKKE:KØN=K:HERKOMST=35,2017-12-31,1438.0
DST:ATYP032:ARBEJDSTIMER=-15:UDVALGTELØNMODTAGERE=IKKE:KØN=K:HERKOMST=35,2018-12-31,1522.0
DST:ATYP032:ARBEJDSTIMER=-15:UDVALGTELØNMODTAGERE=IKKE:KØN=K:HERKOMST=35,2019-12-31,1641.0
DST:ATYP032:ARBEJDSTIMER=-15:UDVALGTELØNMODTAGERE=IKKE:KØN=K:HERKOMST=35,2020-12-31,1589.0
DST:ATYP032:ARBEJDSTIMER=-15:UDVALGTELØNMODTAGERE=IKKE:KØN=K:HERKOMST=35,2021-12-31,1664.0
DST:ATYP032:ARBEJDSTIMER=-15:UDVALGTELØNMODTAGERE=IKKE:KØN=K:HERKOMST=35,2022-12-31,1864.0
DST:ATYP032:ARBEJDSTIMER=-15:UDVALGTELØNMODTAGERE=IKKE:KØN=K:HERKOMST=35,2023-12-31,1948.0
DST:ATYP032:ARBEJDSTIMER=-15:UDVALGTELØNMODTAGERE=IKKE:KØN=K:HERKOMST=35,2024-12-31,2074.0
DST:ATYP032:ARBEJDSTIMER=-15:UDVALGTELØNMODTAGERE=IKKE:KØN=K:HERKOMST=TOTAL,2008-12-31,51252.0
DST:ATYP032:ARBEJDSTIMER=-15:UDVALGTELØNMODTAGERE=IKKE:KØN=K:HERKOMST=TOTAL,2009-12-31,49871.0
DST:ATYP032:ARBEJDSTIMER=-15:UDVALGTELØNMODTAGERE=IKKE:KØN=K:HERKOMST=TOTAL,2010-12-31,47249.0
DST:ATYP032:ARBEJDSTIMER=-15:UDVALGTELØNMODTAGERE=IKKE:KØN=K:HERKOMST=TOTAL,2011-12-31,46084.0
DST:ATYP032:ARBEJDSTIMER=-15:UDVALGTELØNMODTAGERE=IKKE:KØN=K:HERKOMST=TOTAL,2012-12-31,44291.0
DST:ATYP032:ARBEJDSTIMER=-15:UDVALGTELØNMODTAGERE=IKKE:KØN=K:HERKOMST=TOTAL,2013-12-31,47104.0
DST:ATYP032:ARBEJDSTIMER=-15:UDVALGTELØNMODTAGERE=IKKE:KØN=K:HERKOMST=TOTAL,2014-12-31,50883.0
DST:ATYP032:ARBEJDSTIMER=-15:UDVALGTELØNMODTAGERE=IKKE:KØN=K:HERKOMST=TOTAL,2015-12-31,46953.0
DST:ATYP032:ARBEJDSTIMER=-15:UDVALGTELØNMODTAGERE=IKKE:KØN=K:HERKOMST=TOTAL,2016-12-31,61637.0
DST:ATYP032:ARBEJDSTIMER=-15:UDVALGTELØNMODTAGERE=IKKE:KØN=K:HERKOMST=TOTAL,2017-12-31,64522.0
DST:ATYP032:ARBEJDSTIMER=-15:UDVALGTELØNMODTAGERE=IKKE:KØN=K:HERKOMST=TOTAL,2018-12-31,68944.0
DST:ATYP032:ARBEJDSTIMER=-15:UDVALGTELØNMODTAGERE=IKKE:KØN=K:HERKOMST=TOTAL,2019-12-31,74839.0
DST:ATYP032:ARBEJDSTIMER=-15:UDVALGTELØNMODTAGERE=IKKE:KØN=K:HERKOMST=TOTAL,2020-12-31,71651.0
DST:ATYP032:ARBEJDSTIMER=-15:UDVALGTELØNMODTAGERE=IKKE:KØN=K:HERKOMST=TOTAL,2021-12-31,77163.0
DST:ATYP032:ARBEJDSTIMER=-15:UDVALGTELØNMODTAGERE=IKKE:KØN=K:HERKOMST=TOTAL,2022-12-31,86531.0
DST:ATYP032:ARBEJDSTIMER=-15:UDVALGTELØNMODTAGERE=IKKE:KØN=K:HERKOMST=TOTAL,2023-12-31,90184.0
DST:ATYP032:ARBEJDSTIMER=-15:UDVALGTELØNMODTAGERE=IKKE:KØN=K:HERKOMST=TOTAL,2024-12-31,92724.0
DST:ATYP032:ARBEJDSTIMER=-15:UDVALGTELØNMODTAGERE=IKKE:KØN=M:HERKOMST=10,2008-12-31,34944.0
DST:ATYP032:ARBEJDSTIMER=-15:UDVALGTELØNMODTAGERE=IKKE:KØN=M:HERKOMST=10,2009-12-31,35776.0
DST:ATYP032:ARBEJDSTIMER=-15:UDVALGTELØNMODTAGERE=IKKE:KØN=M:HERKOMST=10,2010-12-31,34194.0
DST:ATYP032:ARBEJDSTIMER=-15:UDVALGTELØNMODTAGERE=IKKE:KØN=M:HERKOMST=10,2011-12-31,31861.0
DST:ATYP032:ARBEJDSTIMER=-15:UDVALGTELØNMODTAGERE=IKKE:KØN=M:HERKOMST=10,2012-12-31,30255.0
DST:ATYP032:ARBEJDSTIMER=-15:UDVALGTELØNMODTAGERE=IKKE:KØN=M:HERKOMST=10,2013-12-31,31812.0
DST:ATYP032:ARBEJDSTIMER=-15:UDVALGTELØNMODTAGERE=IKKE:KØN=M:HERKOMST=10,2014-12-31,34251.0
DST:ATYP032:ARBEJDSTIMER=-15:UDVALGTELØNMODTAGERE=IKKE:KØN=M:HERKOMST=10,2015-12-31,31258.0
DST:ATYP032:ARBEJDSTIMER=-15:UDVALGTELØNMODTAGERE=IKKE:KØN=M:HERKOMST=10,2016-12-31,38932.0
DST:ATYP032:ARBEJDSTIMER=-15:UDVALGTELØNMODTAGERE=IKKE:KØN=M:HERKOMST=10,2017-12-31,40152.0
DST:ATYP032:ARBEJDSTIMER=-15:UDVALGTELØNMODTAGERE=IKKE:KØN=M:HERKOMST=10,2018-12-31,42258.0
DST:ATYP032:ARBEJDSTIMER=-15:UDVALGTELØNMODTAGERE=IKKE:KØN=M:HERKOMST=10,2019-12-31,45023.0
DST:ATYP032:ARBEJDSTIMER=-15:UDVALGTELØNMODTAGERE=IKKE:KØN=M:HERKOMST=10,2020-12-31,43711.0
DST:ATYP032:ARBEJDSTIMER=-15:UDVALGTELØNMODTAGERE=IKKE:KØN=M:HERKOMST=10,2021-12-31,46393.0
DST:ATYP032:ARBEJDSTIMER=-15:UDVALGTELØNMODTAGERE=IKKE:KØN=M:HERKOMST=10,2022-12-31,51084.0
DST:ATYP032:ARBEJDSTIMER=-15:UDVALGTELØNMODTAGERE=IKKE:KØN=M:HERKOMST=10,2023-12-31,52164.0
DST:ATYP032:ARBEJDSTIMER=-15:UDVALGTELØNMODTAGERE=IKKE:KØN=M:HERKOMST=10,2024-12-31,53530.0
DST:ATYP032:ARBEJDSTIMER=-15:UDVALGTELØNMODTAGERE=IKKE:KØN=M:HERKOMST=24,2008-12-31,1731.0
DST:ATYP032:ARBEJDSTIMER=-15:UDVALGTELØNMODTAGERE=IKKE:KØN=M:HERKOMST=24,2009-12-31,1848.0
DST:ATYP032:ARBEJDSTIMER=-15:UDVALGTELØNMODTAGERE=IKKE:KØN=M:HERKOMST=24,2010-12-31,1875.0
DST:ATYP032:ARBEJDSTIMER=-15:UDVALGTELØNMODTAGERE=IKKE:KØN=M:HERKOMST=24,2011-12-31,2093.0
DST:ATYP032:ARBEJDSTIMER=-15:UDVALGTELØNMODTAGERE=IKKE:KØN=M:HERKOMST=24,2012-12-31,2185.0
DST:ATYP032:ARBEJDSTIMER=-15:UDVALGTELØNMODTAGERE=IKKE:KØN=M:HERKOMST=24,2013-12-31,2333.0
DST:ATYP032:ARBEJDSTIMER=-15:UDVALGTELØNMODTAGERE=IKKE:KØN=M:HERKOMST=24,2014-12-31,2586.0
DST:ATYP032:ARBEJDSTIMER=-15:UDVALGTELØNMODTAGERE=IKKE:KØN=M:HERKOMST=24,2015-12-31,2705.0
DST:ATYP032:ARBEJDSTIMER=-15:UDVALGTELØNMODTAGERE=IKKE:KØN=M:HERKOMST=24,2016-12-31,3003.0
DST:ATYP032:ARBEJDSTIMER=-15:UDVALGTELØNMODTAGERE=IKKE:KØN=M:HERKOMST=24,2017-12-31,2771.0
DST:ATYP032:ARBEJDSTIMER=-15:UDVALGTELØNMODTAGERE=IKKE:KØN=M:HERKOMST=24,2018-12-31,2975.0
DST:ATYP032:ARBEJDSTIMER=-15:UDVALGTELØNMODTAGERE=IKKE:KØN=M:HERKOMST=24,2019-12-31,2914.0
DST:ATYP032:ARBEJDSTIMER=-15:UDVALGTELØNMODTAGERE=IKKE:KØN=M:HERKOMST=24,2020-12-31,2720.0
DST:ATYP032:ARBEJDSTIMER=-15:UDVALGTELØNMODTAGERE=IKKE:KØN=M:HERKOMST=24,2021-12-31,2907.0
DST:ATYP032:ARBEJDSTIMER=-15:UDVALGTELØNMODTAGERE=IKKE:KØN=M:HERKOMST=24,2022-12-31,3203.0
DST:ATYP032:ARBEJDSTIMER=-15:UDVALGTELØNMODTAGERE=IKKE:KØN=M:HERKOMST=24,2023-12-31,3587.0
DST:ATYP032:ARBEJDSTIMER=-15:UDVALGTELØNMODTAGERE=IKKE:KØN=M:HERKOMST=24,2024-12-31,3591.0
DST:ATYP032:ARBEJDSTIMER=-15:UDVALGTELØNMODTAGERE=IKKE:KØN=M:HERKOMST=25,2008-12-31,4137.0
DST:ATYP032:ARBEJDSTIMER=-15:UDVALGTELØNMODTAGERE=IKKE:KØN=M:HERKOMST=25,2009-12-31,3918.0
DST:ATYP032:ARBEJDSTIMER=-15:UDVALGTELØNMODTAGERE=IKKE:KØN=M:HERKOMST=25,2010-12-31,3892.0
DST:ATYP032:ARBEJDSTIMER=-15:UDVALGTELØNMODTAGERE=IKKE:KØN=M:HERKOMST=25,2011-12-31,4045.0
DST:ATYP032:ARBEJDSTIMER=-15:UDVALGTELØNMODTAGERE=IKKE:KØN=M:HERKOMST=25,2012-12-31,3922.0
DST:ATYP032:ARBEJDSTIMER=-15:UDVALGTELØNMODTAGERE=IKKE:KØN=M:HERKOMST=25,2013-12-31,4572.0
DST:ATYP032:ARBEJDSTIMER=-15:UDVALGTELØNMODTAGERE=IKKE:KØN=M:HERKOMST=25,2014-12-31,4966.0
DST:ATYP032:ARBEJDSTIMER=-15:UDVALGTELØNMODTAGERE=IKKE:KØN=M:HERKOMST=25,2015-12-31,5100.0
DST:ATYP032:ARBEJDSTIMER=-15:UDVALGTELØNMODTAGERE=IKKE:KØN=M:HERKOMST=25,2016-12-31,6429.0
DST:ATYP032:ARBEJDSTIMER=-15:UDVALGTELØNMODTAGERE=IKKE:KØN=M:HERKOMST=25,2017-12-31,6973.0
DST:ATYP032:ARBEJDSTIMER=-15:UDVALGTELØNMODTAGERE=IKKE:KØN=M:HERKOMST=25,2018-12-31,7347.0
DST:ATYP032:ARBEJDSTIMER=-15:UDVALGTELØNMODTAGERE=IKKE:KØN=M:HERKOMST=25,2019-12-31,7124.0
DST:ATYP032:ARBEJDSTIMER=-15:UDVALGTELØNMODTAGERE=IKKE:KØN=M:HERKOMST=25,2020-12-31,6712.0
DST:ATYP032:ARBEJDSTIMER=-15:UDVALGTELØNMODTAGERE=IKKE:KØN=M:HERKOMST=25,2021-12-31,6825.0
DST:ATYP032:ARBEJDSTIMER=-15:UDVALGTELØNMODTAGERE=IKKE:KØN=M:HERKOMST=25,2022-12-31,7389.0
DST:ATYP032:ARBEJDSTIMER=-15:UDVALGTELØNMODTAGERE=IKKE:KØN=M:HERKOMST=25,2023-12-31,8314.0
DST:ATYP032:ARBEJDSTIMER=-15:UDVALGTELØNMODTAGERE=IKKE:KØN=M:HERKOMST=25,2024-12-31,9046.0
DST:ATYP032:ARBEJDSTIMER=-15:UDVALGTELØNMODTAGERE=IKKE:KØN=M:HERKOMST=34,2008-12-31,148.0
DST:ATYP032:ARBEJDSTIMER=-15:UDVALGTELØNMODTAGERE=IKKE:KØN=M:HERKOMST=34,2009-12-31,129.0
DST:ATYP032:ARBEJDSTIMER=-15:UDVALGTELØNMODTAGERE=IKKE:KØN=M:HERKOMST=34,2010-12-31,136.0
DST:ATYP032:ARBEJDSTIMER=-15:UDVALGTELØNMODTAGERE=IKKE:KØN=M:HERKOMST=34,2011-12-31,144.0
DST:ATYP032:ARBEJDSTIMER=-15:UDVALGTELØNMODTAGERE=IKKE:KØN=M:HERKOMST=34,2012-12-31,130.0
DST:ATYP032:ARBEJDSTIMER=-15:UDVALGTELØNMODTAGERE=IKKE:KØN=M:HERKOMST=34,2013-12-31,136.0
DST:ATYP032:ARBEJDSTIMER=-15:UDVALGTELØNMODTAGERE=IKKE:KØN=M:HERKOMST=34,2014-12-31,145.0
DST:ATYP032:ARBEJDSTIMER=-15:UDVALGTELØNMODTAGERE=IKKE:KØN=M:HERKOMST=34,2015-12-31,143.0
DST:ATYP032:ARBEJDSTIMER=-15:UDVALGTELØNMODTAGERE=IKKE:KØN=M:HERKOMST=34,2016-12-31,173.0
DST:ATYP032:ARBEJDSTIMER=-15:UDVALGTELØNMODTAGERE=IKKE:KØN=M:HERKOMST=34,2017-12-31,189.0
DST:ATYP032:ARBEJDSTIMER=-15:UDVALGTELØNMODTAGERE=IKKE:KØN=M:HERKOMST=34,2018-12-31,197.0
DST:ATYP032:ARBEJDSTIMER=-15:UDVALGTELØNMODTAGERE=IKKE:KØN=M:HERKOMST=34,2019-12-31,189.0
DST:ATYP032:ARBEJDSTIMER=-15:UDVALGTELØNMODTAGERE=IKKE:KØN=M:HERKOMST=34,2020-12-31,196.0
DST:ATYP032:ARBEJDSTIMER=-15:UDVALGTELØNMODTAGERE=IKKE:KØN=M:HERKOMST=34,2021-12-31,193.0
DST:ATYP032:ARBEJDSTIMER=-15:UDVALGTELØNMODTAGERE=IKKE:KØN=M:HERKOMST=34,2022-12-31,216.0
DST:ATYP032:ARBEJDSTIMER=-15:UDVALGTELØNMODTAGERE=IKKE:KØN=M:HERKOMST=34,2023-12-31,240.0
DST:ATYP032:ARBEJDSTIMER=-15:UDVALGTELØNMODTAGERE=IKKE:KØN=M:HERKOMST=34,2024-12-31,239.0
DST:ATYP032:ARBEJDSTIMER=-15:UDVALGTELØNMODTAGERE=IKKE:KØN=M:HERKOMST=35,2008-12-31,805.0
DST:ATYP032:ARBEJDSTIMER=-15:UDVALGTELØNMODTAGERE=IKKE:KØN=M:HERKOMST=35,2009-12-31,858.0
DST:ATYP032:ARBEJDSTIMER=-15:UDVALGTELØNMODTAGERE=IKKE:KØN=M:HERKOMST=35,2010-12-31,855.0
DST:ATYP032:ARBEJDSTIMER=-15:UDVALGTELØNMODTAGERE=IKKE:KØN=M:HERKOMST=35,2011-12-31,899.0
DST:ATYP032:ARBEJDSTIMER=-15:UDVALGTELØNMODTAGERE=IKKE:KØN=M:HERKOMST=35,2012-12-31,910.0
DST:ATYP032:ARBEJDSTIMER=-15:UDVALGTELØNMODTAGERE=IKKE:KØN=M:HERKOMST=35,2013-12-31,1066.0
DST:ATYP032:ARBEJDSTIMER=-15:UDVALGTELØNMODTAGERE=IKKE:KØN=M:HERKOMST=35,2014-12-31,1225.0
DST:ATYP032:ARBEJDSTIMER=-15:UDVALGTELØNMODTAGERE=IKKE:KØN=M:HERKOMST=35,2015-12-31,1260.0
DST:ATYP032:ARBEJDSTIMER=-15:UDVALGTELØNMODTAGERE=IKKE:KØN=M:HERKOMST=35,2016-12-31,1445.0
DST:ATYP032:ARBEJDSTIMER=-15:UDVALGTELØNMODTAGERE=IKKE:KØN=M:HERKOMST=35,2017-12-31,1529.0
DST:ATYP032:ARBEJDSTIMER=-15:UDVALGTELØNMODTAGERE=IKKE:KØN=M:HERKOMST=35,2018-12-31,1590.0
DST:ATYP032:ARBEJDSTIMER=-15:UDVALGTELØNMODTAGERE=IKKE:KØN=M:HERKOMST=35,2019-12-31,1739.0
DST:ATYP032:ARBEJDSTIMER=-15:UDVALGTELØNMODTAGERE=IKKE:KØN=M:HERKOMST=35,2020-12-31,1602.0
DST:ATYP032:ARBEJDSTIMER=-15:UDVALGTELØNMODTAGERE=IKKE:KØN=M:HERKOMST=35,2021-12-31,1875.0
DST:ATYP032:ARBEJDSTIMER=-15:UDVALGTELØNMODTAGERE=IKKE:KØN=M:HERKOMST=35,2022-12-31,1967.0
DST:ATYP032:ARBEJDSTIMER=-15:UDVALGTELØNMODTAGERE=IKKE:KØN=M:HERKOMST=35,2023-12-31,2089.0
DST:ATYP032:ARBEJDSTIMER=-15:UDVALGTELØNMODTAGERE=IKKE:KØN=M:HERKOMST=35,2024-12-31,2199.0
DST:ATYP032:ARBEJDSTIMER=-15:UDVALGTELØNMODTAGERE=IKKE:KØN=M:HERKOMST=TOTAL,2008-12-31,41765.0
DST:ATYP032:ARBEJDSTIMER=-15:UDVALGTELØNMODTAGERE=IKKE:KØN=M:HERKOMST=TOTAL,2009-12-31,42529.0
DST:ATYP032:ARBEJDSTIMER=-15:UDVALGTELØNMODTAGERE=IKKE:KØN=M:HERKOMST=TOTAL,2010-12-31,40952.0
DST:ATYP032:ARBEJDSTIMER=-15:UDVALGTELØNMODTAGERE=IKKE:KØN=M:HERKOMST=TOTAL,2011-12-31,39042.0
DST:ATYP032:ARBEJDSTIMER=-15:UDVALGTELØNMODTAGERE=IKKE:KØN=M:HERKOMST=TOTAL,2012-12-31,37402.0
DST:ATYP032:ARBEJDSTIMER=-15:UDVALGTELØNMODTAGERE=IKKE:KØN=M:HERKOMST=TOTAL,2013-12-31,39919.0
DST:ATYP032:ARBEJDSTIMER=-15:UDVALGTELØNMODTAGERE=IKKE:KØN=M:HERKOMST=TOTAL,2014-12-31,43173.0
DST:ATYP032:ARBEJDSTIMER=-15:UDVALGTELØNMODTAGERE=IKKE:KØN=M:HERKOMST=TOTAL,2015-12-31,40466.0
DST:ATYP032:ARBEJDSTIMER=-15:UDVALGTELØNMODTAGERE=IKKE:KØN=M:HERKOMST=TOTAL,2016-12-31,49982.0
DST:ATYP032:ARBEJDSTIMER=-15:UDVALGTELØNMODTAGERE=IKKE:KØN=M:HERKOMST=TOTAL,2017-12-31,51614.0
DST:ATYP032:ARBEJDSTIMER=-15:UDVALGTELØNMODTAGERE=IKKE:KØN=M:HERKOMST=TOTAL,2018-12-31,54367.0
DST:ATYP032:ARBEJDSTIMER=-15:UDVALGTELØNMODTAGERE=IKKE:KØN=M:HERKOMST=TOTAL,2019-12-31,56989.0
DST:ATYP032:ARBEJDSTIMER=-15:UDVALGTELØNMODTAGERE=IKKE:KØN=M:HERKOMST=TOTAL,2020-12-31,54941.0
DST:ATYP032:ARBEJDSTIMER=-15:UDVALGTELØNMODTAGERE=IKKE:KØN=M:HERKOMST=TOTAL,2021-12-31,58193.0
DST:ATYP032:ARBEJDSTIMER=-15:UDVALGTELØNMODTAGERE=IKKE:KØN=M:HERKOMST=TOTAL,2022-12-31,63859.0
DST:ATYP032:ARBEJDSTIMER=-15:UDVALGTELØNMODTAGERE=IKKE:KØN=M:HERKOMST=TOTAL,2023-12-31,66394.0
DST:ATYP032:ARBEJDSTIMER=-15:UDVALGTELØNMODTAGERE=IKKE:KØN=M:HERKOMST=TOTAL,2024-12-31,68605.0
DST:ATYP032:ARBEJDSTIMER=-15:UDVALGTELØNMODTAGERE=TOTS:KØN=00:HERKOMST=10,2008-12-31,308824.0
DST:ATYP032:ARBEJDSTIMER=-15:UDVALGTELØNMODTAGERE=TOTS:KØN=00:HERKOMST=10,2009-12-31,299851.0
DST:ATYP032:ARBEJDSTIMER=-15:UDVALGTELØNMODTAGERE=TOTS:KØN=00:HERKOMST=10,2010-12-31,296662.0
DST:ATYP032:ARBEJDSTIMER=-15:UDVALGTELØNMODTAGERE=TOTS:KØN=00:HERKOMST=10,2011-12-31,297542.0
DST:ATYP032:ARBEJDSTIMER=-15:UDVALGTELØNMODTAGERE=TOTS:KØN=00:HERKOMST=10,2012-12-31,298971.0
DST:ATYP032:ARBEJDSTIMER=-15:UDVALGTELØNMODTAGERE=TOTS:KØN=00:HERKOMST=10,2013-12-31,305388.0
DST:ATYP032:ARBEJDSTIMER=-15:UDVALGTELØNMODTAGERE=TOTS:KØN=00:HERKOMST=10,2014-12-31,311023.0
DST:ATYP032:ARBEJDSTIMER=-15:UDVALGTELØNMODTAGERE=TOTS:KØN=00:HERKOMST=10,2015-12-31,306270.0
DST:ATYP032:ARBEJDSTIMER=-15:UDVALGTELØNMODTAGERE=TOTS:KØN=00:HERKOMST=10,2016-12-31,328673.0
DST:ATYP032:ARBEJDSTIMER=-15:UDVALGTELØNMODTAGERE=TOTS:KØN=00:HERKOMST=10,2017-12-31,335838.0
DST:ATYP032:ARBEJDSTIMER=-15:UDVALGTELØNMODTAGERE=TOTS:KØN=00:HERKOMST=10,2018-12-31,343498.0
DST:ATYP032:ARBEJDSTIMER=-15:UDVALGTELØNMODTAGERE=TOTS:KØN=00:HERKOMST=10,2019-12-31,351141.0
DST:ATYP032:ARBEJDSTIMER=-15:UDVALGTELØNMODTAGERE=TOTS:KØN=00:HERKOMST=10,2020-12-31,336661.0
DST:ATYP032:ARBEJDSTIMER=-15:UDVALGTELØNMODTAGERE=TOTS:KØN=00:HERKOMST=10,2021-12-31,359824.0
DST:ATYP032:ARBEJDSTIMER=-15:UDVALGTELØNMODTAGERE=TOTS:KØN=00:HERKOMST=10,2022-12-31,371305.0
DST:ATYP032:ARBEJDSTIMER=-15:UDVALGTELØNMODTAGERE=TOTS:KØN=00:HERKOMST=10,2023-12-31,374040.0
DST:ATYP032:ARBEJDSTIMER=-15:UDVALGTELØNMODTAGERE=TOTS:KØN=00:HERKOMST=10,2024-12-31,378377.0
DST:ATYP032:ARBEJDSTIMER=-15:UDVALGTELØNMODTAGERE=TOTS:KØN=00:HERKOMST=24,2008-12-31,8244.0
DST:ATYP032:ARBEJDSTIMER=-15:UDVALGTELØNMODTAGERE=TOTS:KØN=00:HERKOMST=24,2009-12-31,8682.0
DST:ATYP032:ARBEJDSTIMER=-15:UDVALGTELØNMODTAGERE=TOTS:KØN=00:HERKOMST=24,2010-12-31,9248.0
DST:ATYP032:ARBEJDSTIMER=-15:UDVALGTELØNMODTAGERE=TOTS:KØN=00:HERKOMST=24,2011-12-31,9814.0
DST:ATYP032:ARBEJDSTIMER=-15:UDVALGTELØNMODTAGERE=TOTS:KØN=00:HERKOMST=24,2012-12-31,10163.0
DST:ATYP032:ARBEJDSTIMER=-15:UDVALGTELØNMODTAGERE=TOTS:KØN=00:HERKOMST=24,2013-12-31,11435.0
DST:ATYP032:ARBEJDSTIMER=-15:UDVALGTELØNMODTAGERE=TOTS:KØN=00:HERKOMST=24,2014-12-31,12946.0
DST:ATYP032:ARBEJDSTIMER=-15:UDVALGTELØNMODTAGERE=TOTS:KØN=00:HERKOMST=24,2015-12-31,13907.0
DST:ATYP032:ARBEJDSTIMER=-15:UDVALGTELØNMODTAGERE=TOTS:KØN=00:HERKOMST=24,2016-12-31,15488.0
DST:ATYP032:ARBEJDSTIMER=-15:UDVALGTELØNMODTAGERE=TOTS:KØN=00:HERKOMST=24,2017-12-31,15681.0
DST:ATYP032:ARBEJDSTIMER=-15:UDVALGTELØNMODTAGERE=TOTS:KØN=00:HERKOMST=24,2018-12-31,16439.0
DST:ATYP032:ARBEJDSTIMER=-15:UDVALGTELØNMODTAGERE=TOTS:KØN=00:HERKOMST=24,2019-12-31,16712.0
DST:ATYP032:ARBEJDSTIMER=-15:UDVALGTELØNMODTAGERE=TOTS:KØN=00:HERKOMST=24,2020-12-31,15547.0
DST:ATYP032:ARBEJDSTIMER=-15:UDVALGTELØNMODTAGERE=TOTS:KØN=00:HERKOMST=24,2021-12-31,16788.0
DST:ATYP032:ARBEJDSTIMER=-15:UDVALGTELØNMODTAGERE=TOTS:KØN=00:HERKOMST=24,2022-12-31,17220.0
DST:ATYP032:ARBEJDSTIMER=-15:UDVALGTELØNMODTAGERE=TOTS:KØN=00:HERKOMST=24,2023-12-31,17514.0
DST:ATYP032:ARBEJDSTIMER=-15:UDVALGTELØNMODTAGERE=TOTS:KØN=00:HERKOMST=24,2024-12-31,17716.0
DST:ATYP032:ARBEJDSTIMER=-15:UDVALGTELØNMODTAGERE=TOTS:KØN=00:HERKOMST=25,2008-12-31,16564.0
DST:ATYP032:ARBEJDSTIMER=-15:UDVALGTELØNMODTAGERE=TOTS:KØN=00:HERKOMST=25,2009-12-31,15755.0
DST:ATYP032:ARBEJDSTIMER=-15:UDVALGTELØNMODTAGERE=TOTS:KØN=00:HERKOMST=25,2010-12-31,15110.0
DST:ATYP032:ARBEJDSTIMER=-15:UDVALGTELØNMODTAGERE=TOTS:KØN=00:HERKOMST=25,2011-12-31,14848.0
DST:ATYP032:ARBEJDSTIMER=-15:UDVALGTELØNMODTAGERE=TOTS:KØN=00:HERKOMST=25,2012-12-31,14661.0
DST:ATYP032:ARBEJDSTIMER=-15:UDVALGTELØNMODTAGERE=TOTS:KØN=00:HERKOMST=25,2013-12-31,15646.0
DST:ATYP032:ARBEJDSTIMER=-15:UDVALGTELØNMODTAGERE=TOTS:KØN=00:HERKOMST=25,2014-12-31,16204.0
DST:ATYP032:ARBEJDSTIMER=-15:UDVALGTELØNMODTAGERE=TOTS:KØN=00:HERKOMST=25,2015-12-31,16313.0
DST:ATYP032:ARBEJDSTIMER=-15:UDVALGTELØNMODTAGERE=TOTS:KØN=00:HERKOMST=25,2016-12-31,18982.0
DST:ATYP032:ARBEJDSTIMER=-15:UDVALGTELØNMODTAGERE=TOTS:KØN=00:HERKOMST=25,2017-12-31,20309.0
DST:ATYP032:ARBEJDSTIMER=-15:UDVALGTELØNMODTAGERE=TOTS:KØN=00:HERKOMST=25,2018-12-31,21639.0
DST:ATYP032:ARBEJDSTIMER=-15:UDVALGTELØNMODTAGERE=TOTS:KØN=00:HERKOMST=25,2019-12-31,22814.0
DST:ATYP032:ARBEJDSTIMER=-15:UDVALGTELØNMODTAGERE=TOTS:KØN=00:HERKOMST=25,2020-12-31,21968.0
DST:ATYP032:ARBEJDSTIMER=-15:UDVALGTELØNMODTAGERE=TOTS:KØN=00:HERKOMST=25,2021-12-31,23783.0
DST:ATYP032:ARBEJDSTIMER=-15:UDVALGTELØNMODTAGERE=TOTS:KØN=00:HERKOMST=25,2022-12-31,26292.0
DST:ATYP032:ARBEJDSTIMER=-15:UDVALGTELØNMODTAGERE=TOTS:KØN=00:HERKOMST=25,2023-12-31,28544.0
DST:ATYP032:ARBEJDSTIMER=-15:UDVALGTELØNMODTAGERE=TOTS:KØN=00:HERKOMST=25,2024-12-31,30620.0
DST:ATYP032:ARBEJDSTIMER=-15:UDVALGTELØNMODTAGERE=TOTS:KØN=00:HERKOMST=34,2008-12-31,1177.0
DST:ATYP032:ARBEJDSTIMER=-15:UDVALGTELØNMODTAGERE=TOTS:KØN=00:HERKOMST=34,2009-12-31,1145.0
DST:ATYP032:ARBEJDSTIMER=-15:UDVALGTELØNMODTAGERE=TOTS:KØN=00:HERKOMST=34,2010-12-31,1135.0
DST:ATYP032:ARBEJDSTIMER=-15:UDVALGTELØNMODTAGERE=TOTS:KØN=00:HERKOMST=34,2011-12-31,1188.0
DST:ATYP032:ARBEJDSTIMER=-15:UDVALGTELØNMODTAGERE=TOTS:KØN=00:HERKOMST=34,2012-12-31,1169.0
DST:ATYP032:ARBEJDSTIMER=-15:UDVALGTELØNMODTAGERE=TOTS:KØN=00:HERKOMST=34,2013-12-31,1246.0
DST:ATYP032:ARBEJDSTIMER=-15:UDVALGTELØNMODTAGERE=TOTS:KØN=00:HERKOMST=34,2014-12-31,1309.0
DST:ATYP032:ARBEJDSTIMER=-15:UDVALGTELØNMODTAGERE=TOTS:KØN=00:HERKOMST=34,2015-12-31,1355.0
DST:ATYP032:ARBEJDSTIMER=-15:UDVALGTELØNMODTAGERE=TOTS:KØN=00:HERKOMST=34,2016-12-31,1452.0
DST:ATYP032:ARBEJDSTIMER=-15:UDVALGTELØNMODTAGERE=TOTS:KØN=00:HERKOMST=34,2017-12-31,1506.0
DST:ATYP032:ARBEJDSTIMER=-15:UDVALGTELØNMODTAGERE=TOTS:KØN=00:HERKOMST=34,2018-12-31,1584.0
DST:ATYP032:ARBEJDSTIMER=-15:UDVALGTELØNMODTAGERE=TOTS:KØN=00:HERKOMST=34,2019-12-31,1640.0
DST:ATYP032:ARBEJDSTIMER=-15:UDVALGTELØNMODTAGERE=TOTS:KØN=00:HERKOMST=34,2020-12-31,1609.0
DST:ATYP032:ARBEJDSTIMER=-15:UDVALGTELØNMODTAGERE=TOTS:KØN=00:HERKOMST=34,2021-12-31,1798.0
DST:ATYP032:ARBEJDSTIMER=-15:UDVALGTELØNMODTAGERE=TOTS:KØN=00:HERKOMST=34,2022-12-31,1939.0
DST:ATYP032:ARBEJDSTIMER=-15:UDVALGTELØNMODTAGERE=TOTS:KØN=00:HERKOMST=34,2023-12-31,2171.0
DST:ATYP032:ARBEJDSTIMER=-15:UDVALGTELØNMODTAGERE=TOTS:KØN=00:HERKOMST=34,2024-12-31,2391.0
DST:ATYP032:ARBEJDSTIMER=-15:UDVALGTELØNMODTAGERE=TOTS:KØN=00:HERKOMST=35,2008-12-31,9632.0
DST:ATYP032:ARBEJDSTIMER=-15:UDVALGTELØNMODTAGERE=TOTS:KØN=00:HERKOMST=35,2009-12-31,9545.0
DST:ATYP032:ARBEJDSTIMER=-15:UDVALGTELØNMODTAGERE=TOTS:KØN=00:HERKOMST=35,2010-12-31,9939.0
DST:ATYP032:ARBEJDSTIMER=-15:UDVALGTELØNMODTAGERE=TOTS:KØN=00:HERKOMST=35,2011-12-31,10413.0
DST:ATYP032:ARBEJDSTIMER=-15:UDVALGTELØNMODTAGERE=TOTS:KØN=00:HERKOMST=35,2012-12-31,11091.0
DST:ATYP032:ARBEJDSTIMER=-15:UDVALGTELØNMODTAGERE=TOTS:KØN=00:HERKOMST=35,2013-12-31,12064.0
DST:ATYP032:ARBEJDSTIMER=-15:UDVALGTELØNMODTAGERE=TOTS:KØN=00:HERKOMST=35,2014-12-31,12861.0
DST:ATYP032:ARBEJDSTIMER=-15:UDVALGTELØNMODTAGERE=TOTS:KØN=00:HERKOMST=35,2015-12-31,14114.0
DST:ATYP032:ARBEJDSTIMER=-15:UDVALGTELØNMODTAGERE=TOTS:KØN=00:HERKOMST=35,2016-12-31,15402.0
DST:ATYP032:ARBEJDSTIMER=-15:UDVALGTELØNMODTAGERE=TOTS:KØN=00:HERKOMST=35,2017-12-31,16717.0
DST:ATYP032:ARBEJDSTIMER=-15:UDVALGTELØNMODTAGERE=TOTS:KØN=00:HERKOMST=35,2018-12-31,17636.0
DST:ATYP032:ARBEJDSTIMER=-15:UDVALGTELØNMODTAGERE=TOTS:KØN=00:HERKOMST=35,2019-12-31,18842.0
DST:ATYP032:ARBEJDSTIMER=-15:UDVALGTELØNMODTAGERE=TOTS:KØN=00:HERKOMST=35,2020-12-31,18543.0
DST:ATYP032:ARBEJDSTIMER=-15:UDVALGTELØNMODTAGERE=TOTS:KØN=00:HERKOMST=35,2021-12-31,20308.0
DST:ATYP032:ARBEJDSTIMER=-15:UDVALGTELØNMODTAGERE=TOTS:KØN=00:HERKOMST=35,2022-12-31,20708.0
DST:ATYP032:ARBEJDSTIMER=-15:UDVALGTELØNMODTAGERE=TOTS:KØN=00:HERKOMST=35,2023-12-31,20818.0
DST:ATYP032:ARBEJDSTIMER=-15:UDVALGTELØNMODTAGERE=TOTS:KØN=00:HERKOMST=35,2024-12-31,20757.0
DST:ATYP032:ARBEJDSTIMER=-15:UDVALGTELØNMODTAGERE=TOTS:KØN=00:HERKOMST=TOTAL,2008-12-31,344441.0
DST:ATYP032:ARBEJDSTIMER=-15:UDVALGTELØNMODTAGERE=TOTS:KØN=00:HERKOMST=TOTAL,2009-12-31,334978.0
DST:ATYP032:ARBEJDSTIMER=-15:UDVALGTELØNMODTAGERE=TOTS:KØN=00:HERKOMST=TOTAL,2010-12-31,332094.0
DST:ATYP032:ARBEJDSTIMER=-15:UDVALGTELØNMODTAGERE=TOTS:KØN=00:HERKOMST=TOTAL,2011-12-31,333805.0
DST:ATYP032:ARBEJDSTIMER=-15:UDVALGTELØNMODTAGERE=TOTS:KØN=00:HERKOMST=TOTAL,2012-12-31,336055.0
DST:ATYP032:ARBEJDSTIMER=-15:UDVALGTELØNMODTAGERE=TOTS:KØN=00:HERKOMST=TOTAL,2013-12-31,345779.0
DST:ATYP032:ARBEJDSTIMER=-15:UDVALGTELØNMODTAGERE=TOTS:KØN=00:HERKOMST=TOTAL,2014-12-31,354343.0
DST:ATYP032:ARBEJDSTIMER=-15:UDVALGTELØNMODTAGERE=TOTS:KØN=00:HERKOMST=TOTAL,2015-12-31,351959.0
DST:ATYP032:ARBEJDSTIMER=-15:UDVALGTELØNMODTAGERE=TOTS:KØN=00:HERKOMST=TOTAL,2016-12-31,379997.0
DST:ATYP032:ARBEJDSTIMER=-15:UDVALGTELØNMODTAGERE=TOTS:KØN=00:HERKOMST=TOTAL,2017-12-31,390051.0
DST:ATYP032:ARBEJDSTIMER=-15:UDVALGTELØNMODTAGERE=TOTS:KØN=00:HERKOMST=TOTAL,2018-12-31,400796.0
DST:ATYP032:ARBEJDSTIMER=-15:UDVALGTELØNMODTAGERE=TOTS:KØN=00:HERKOMST=TOTAL,2019-12-31,411149.0
DST:ATYP032:ARBEJDSTIMER=-15:UDVALGTELØNMODTAGERE=TOTS:KØN=00:HERKOMST=TOTAL,2020-12-31,394328.0
DST:ATYP032:ARBEJDSTIMER=-15:UDVALGTELØNMODTAGERE=TOTS:KØN=00:HERKOMST=TOTAL,2021-12-31,422501.0
DST:ATYP032:ARBEJDSTIMER=-15:UDVALGTELØNMODTAGERE=TOTS:KØN=00:HERKOMST=TOTAL,2022-12-31,437464.0
DST:ATYP032:ARBEJDSTIMER=-15:UDVALGTELØNMODTAGERE=TOTS:KØN=00:HERKOMST=TOTAL,2023-12-31,443087.0
DST:ATYP032:ARBEJDSTIMER=-15:UDVALGTELØNMODTAGERE=TOTS:KØN=00:HERKOMST=TOTAL,2024-12-31,449861.0
DST:ATYP032:ARBEJDSTIMER=-15:UDVALGTELØNMODTAGERE=TOTS:KØN=K:HERKOMST=10,2008-12-31,169997.0
DST:ATYP032:ARBEJDSTIMER=-15:UDVALGTELØNMODTAGERE=TOTS:KØN=K:HERKOMST=10,2009-12-31,165874.0
DST:ATYP032:ARBEJDSTIMER=-15:UDVALGTELØNMODTAGERE=TOTS:KØN=K:HERKOMST=10,2010-12-31,163543.0
DST:ATYP032:ARBEJDSTIMER=-15:UDVALGTELØNMODTAGERE=TOTS:KØN=K:HERKOMST=10,2011-12-31,163593.0
DST:ATYP032:ARBEJDSTIMER=-15:UDVALGTELØNMODTAGERE=TOTS:KØN=K:HERKOMST=10,2012-12-31,164464.0
DST:ATYP032:ARBEJDSTIMER=-15:UDVALGTELØNMODTAGERE=TOTS:KØN=K:HERKOMST=10,2013-12-31,167777.0
DST:ATYP032:ARBEJDSTIMER=-15:UDVALGTELØNMODTAGERE=TOTS:KØN=K:HERKOMST=10,2014-12-31,171055.0
DST:ATYP032:ARBEJDSTIMER=-15:UDVALGTELØNMODTAGERE=TOTS:KØN=K:HERKOMST=10,2015-12-31,167685.0
DST:ATYP032:ARBEJDSTIMER=-15:UDVALGTELØNMODTAGERE=TOTS:KØN=K:HERKOMST=10,2016-12-31,181102.0
DST:ATYP032:ARBEJDSTIMER=-15:UDVALGTELØNMODTAGERE=TOTS:KØN=K:HERKOMST=10,2017-12-31,185038.0
DST:ATYP032:ARBEJDSTIMER=-15:UDVALGTELØNMODTAGERE=TOTS:KØN=K:HERKOMST=10,2018-12-31,189583.0
DST:ATYP032:ARBEJDSTIMER=-15:UDVALGTELØNMODTAGERE=TOTS:KØN=K:HERKOMST=10,2019-12-31,194324.0
DST:ATYP032:ARBEJDSTIMER=-15:UDVALGTELØNMODTAGERE=TOTS:KØN=K:HERKOMST=10,2020-12-31,186713.0
DST:ATYP032:ARBEJDSTIMER=-15:UDVALGTELØNMODTAGERE=TOTS:KØN=K:HERKOMST=10,2021-12-31,199985.0
DST:ATYP032:ARBEJDSTIMER=-15:UDVALGTELØNMODTAGERE=TOTS:KØN=K:HERKOMST=10,2022-12-31,205437.0
DST:ATYP032:ARBEJDSTIMER=-15:UDVALGTELØNMODTAGERE=TOTS:KØN=K:HERKOMST=10,2023-12-31,207549.0
DST:ATYP032:ARBEJDSTIMER=-15:UDVALGTELØNMODTAGERE=TOTS:KØN=K:HERKOMST=10,2024-12-31,210410.0
DST:ATYP032:ARBEJDSTIMER=-15:UDVALGTELØNMODTAGERE=TOTS:KØN=K:HERKOMST=24,2008-12-31,4900.0
DST:ATYP032:ARBEJDSTIMER=-15:UDVALGTELØNMODTAGERE=TOTS:KØN=K:HERKOMST=24,2009-12-31,5081.0
DST:ATYP032:ARBEJDSTIMER=-15:UDVALGTELØNMODTAGERE=TOTS:KØN=K:HERKOMST=24,2010-12-31,5384.0
DST:ATYP032:ARBEJDSTIMER=-15:UDVALGTELØNMODTAGERE=TOTS:KØN=K:HERKOMST=24,2011-12-31,5512.0
DST:ATYP032:ARBEJDSTIMER=-15:UDVALGTELØNMODTAGERE=TOTS:KØN=K:HERKOMST=24,2012-12-31,5598.0
DST:ATYP032:ARBEJDSTIMER=-15:UDVALGTELØNMODTAGERE=TOTS:KØN=K:HERKOMST=24,2013-12-31,6366.0
DST:ATYP032:ARBEJDSTIMER=-15:UDVALGTELØNMODTAGERE=TOTS:KØN=K:HERKOMST=24,2014-12-31,7101.0
DST:ATYP032:ARBEJDSTIMER=-15:UDVALGTELØNMODTAGERE=TOTS:KØN=K:HERKOMST=24,2015-12-31,7634.0
DST:ATYP032:ARBEJDSTIMER=-15:UDVALGTELØNMODTAGERE=TOTS:KØN=K:HERKOMST=24,2016-12-31,8626.0
DST:ATYP032:ARBEJDSTIMER=-15:UDVALGTELØNMODTAGERE=TOTS:KØN=K:HERKOMST=24,2017-12-31,8672.0
DST:ATYP032:ARBEJDSTIMER=-15:UDVALGTELØNMODTAGERE=TOTS:KØN=K:HERKOMST=24,2018-12-31,9161.0
DST:ATYP032:ARBEJDSTIMER=-15:UDVALGTELØNMODTAGERE=TOTS:KØN=K:HERKOMST=24,2019-12-31,9477.0
DST:ATYP032:ARBEJDSTIMER=-15:UDVALGTELØNMODTAGERE=TOTS:KØN=K:HERKOMST=24,2020-12-31,8958.0
DST:ATYP032:ARBEJDSTIMER=-15:UDVALGTELØNMODTAGERE=TOTS:KØN=K:HERKOMST=24,2021-12-31,9579.0
DST:ATYP032:ARBEJDSTIMER=-15:UDVALGTELØNMODTAGERE=TOTS:KØN=K:HERKOMST=24,2022-12-31,10005.0
DST:ATYP032:ARBEJDSTIMER=-15:UDVALGTELØNMODTAGERE=TOTS:KØN=K:HERKOMST=24,2023-12-31,10092.0
DST:ATYP032:ARBEJDSTIMER=-15:UDVALGTELØNMODTAGERE=TOTS:KØN=K:HERKOMST=24,2024-12-31,10182.0
DST:ATYP032:ARBEJDSTIMER=-15:UDVALGTELØNMODTAGERE=TOTS:KØN=K:HERKOMST=25,2008-12-31,8188.0
DST:ATYP032:ARBEJDSTIMER=-15:UDVALGTELØNMODTAGERE=TOTS:KØN=K:HERKOMST=25,2009-12-31,8000.0
DST:ATYP032:ARBEJDSTIMER=-15:UDVALGTELØNMODTAGERE=TOTS:KØN=K:HERKOMST=25,2010-12-31,7610.0
DST:ATYP032:ARBEJDSTIMER=-15:UDVALGTELØNMODTAGERE=TOTS:KØN=K:HERKOMST=25,2011-12-31,7314.0
DST:ATYP032:ARBEJDSTIMER=-15:UDVALGTELØNMODTAGERE=TOTS:KØN=K:HERKOMST=25,2012-12-31,7273.0
DST:ATYP032:ARBEJDSTIMER=-15:UDVALGTELØNMODTAGERE=TOTS:KØN=K:HERKOMST=25,2013-12-31,7627.0
DST:ATYP032:ARBEJDSTIMER=-15:UDVALGTELØNMODTAGERE=TOTS:KØN=K:HERKOMST=25,2014-12-31,7880.0
DST:ATYP032:ARBEJDSTIMER=-15:UDVALGTELØNMODTAGERE=TOTS:KØN=K:HERKOMST=25,2015-12-31,7955.0
DST:ATYP032:ARBEJDSTIMER=-15:UDVALGTELØNMODTAGERE=TOTS:KØN=K:HERKOMST=25,2016-12-31,9408.0
DST:ATYP032:ARBEJDSTIMER=-15:UDVALGTELØNMODTAGERE=TOTS:KØN=K:HERKOMST=25,2017-12-31,10031.0
DST:ATYP032:ARBEJDSTIMER=-15:UDVALGTELØNMODTAGERE=TOTS:KØN=K:HERKOMST=25,2018-12-31,10687.0
DST:ATYP032:ARBEJDSTIMER=-15:UDVALGTELØNMODTAGERE=TOTS:KØN=K:HERKOMST=25,2019-12-31,11638.0
DST:ATYP032:ARBEJDSTIMER=-15:UDVALGTELØNMODTAGERE=TOTS:KØN=K:HERKOMST=25,2020-12-31,11264.0
DST:ATYP032:ARBEJDSTIMER=-15:UDVALGTELØNMODTAGERE=TOTS:KØN=K:HERKOMST=25,2021-12-31,12444.0
DST:ATYP032:ARBEJDSTIMER=-15:UDVALGTELØNMODTAGERE=TOTS:KØN=K:HERKOMST=25,2022-12-31,14272.0
DST:ATYP032:ARBEJDSTIMER=-15:UDVALGTELØNMODTAGERE=TOTS:KØN=K:HERKOMST=25,2023-12-31,15309.0
DST:ATYP032:ARBEJDSTIMER=-15:UDVALGTELØNMODTAGERE=TOTS:KØN=K:HERKOMST=25,2024-12-31,16331.0
DST:ATYP032:ARBEJDSTIMER=-15:UDVALGTELØNMODTAGERE=TOTS:KØN=K:HERKOMST=34,2008-12-31,640.0
DST:ATYP032:ARBEJDSTIMER=-15:UDVALGTELØNMODTAGERE=TOTS:KØN=K:HERKOMST=34,2009-12-31,636.0
DST:ATYP032:ARBEJDSTIMER=-15:UDVALGTELØNMODTAGERE=TOTS:KØN=K:HERKOMST=34,2010-12-31,652.0
DST:ATYP032:ARBEJDSTIMER=-15:UDVALGTELØNMODTAGERE=TOTS:KØN=K:HERKOMST=34,2011-12-31,668.0
DST:ATYP032:ARBEJDSTIMER=-15:UDVALGTELØNMODTAGERE=TOTS:KØN=K:HERKOMST=34,2012-12-31,672.0
DST:ATYP032:ARBEJDSTIMER=-15:UDVALGTELØNMODTAGERE=TOTS:KØN=K:HERKOMST=34,2013-12-31,706.0
DST:ATYP032:ARBEJDSTIMER=-15:UDVALGTELØNMODTAGERE=TOTS:KØN=K:HERKOMST=34,2014-12-31,735.0
DST:ATYP032:ARBEJDSTIMER=-15:UDVALGTELØNMODTAGERE=TOTS:KØN=K:HERKOMST=34,2015-12-31,775.0
DST:ATYP032:ARBEJDSTIMER=-15:UDVALGTELØNMODTAGERE=TOTS:KØN=K:HERKOMST=34,2016-12-31,798.0
DST:ATYP032:ARBEJDSTIMER=-15:UDVALGTELØNMODTAGERE=TOTS:KØN=K:HERKOMST=34,2017-12-31,848.0
DST:ATYP032:ARBEJDSTIMER=-15:UDVALGTELØNMODTAGERE=TOTS:KØN=K:HERKOMST=34,2018-12-31,877.0
DST:ATYP032:ARBEJDSTIMER=-15:UDVALGTELØNMODTAGERE=TOTS:KØN=K:HERKOMST=34,2019-12-31,919.0
DST:ATYP032:ARBEJDSTIMER=-15:UDVALGTELØNMODTAGERE=TOTS:KØN=K:HERKOMST=34,2020-12-31,885.0
DST:ATYP032:ARBEJDSTIMER=-15:UDVALGTELØNMODTAGERE=TOTS:KØN=K:HERKOMST=34,2021-12-31,981.0
DST:ATYP032:ARBEJDSTIMER=-15:UDVALGTELØNMODTAGERE=TOTS:KØN=K:HERKOMST=34,2022-12-31,1040.0
DST:ATYP032:ARBEJDSTIMER=-15:UDVALGTELØNMODTAGERE=TOTS:KØN=K:HERKOMST=34,2023-12-31,1162.0
DST:ATYP032:ARBEJDSTIMER=-15:UDVALGTELØNMODTAGERE=TOTS:KØN=K:HERKOMST=34,2024-12-31,1288.0
DST:ATYP032:ARBEJDSTIMER=-15:UDVALGTELØNMODTAGERE=TOTS:KØN=K:HERKOMST=35,2008-12-31,5013.0
DST:ATYP032:ARBEJDSTIMER=-15:UDVALGTELØNMODTAGERE=TOTS:KØN=K:HERKOMST=35,2009-12-31,5096.0
DST:ATYP032:ARBEJDSTIMER=-15:UDVALGTELØNMODTAGERE=TOTS:KØN=K:HERKOMST=35,2010-12-31,5285.0
DST:ATYP032:ARBEJDSTIMER=-15:UDVALGTELØNMODTAGERE=TOTS:KØN=K:HERKOMST=35,2011-12-31,5535.0
DST:ATYP032:ARBEJDSTIMER=-15:UDVALGTELØNMODTAGERE=TOTS:KØN=K:HERKOMST=35,2012-12-31,5811.0
DST:ATYP032:ARBEJDSTIMER=-15:UDVALGTELØNMODTAGERE=TOTS:KØN=K:HERKOMST=35,2013-12-31,6337.0
DST:ATYP032:ARBEJDSTIMER=-15:UDVALGTELØNMODTAGERE=TOTS:KØN=K:HERKOMST=35,2014-12-31,6765.0
DST:ATYP032:ARBEJDSTIMER=-15:UDVALGTELØNMODTAGERE=TOTS:KØN=K:HERKOMST=35,2015-12-31,7502.0
DST:ATYP032:ARBEJDSTIMER=-15:UDVALGTELØNMODTAGERE=TOTS:KØN=K:HERKOMST=35,2016-12-31,8206.0
DST:ATYP032:ARBEJDSTIMER=-15:UDVALGTELØNMODTAGERE=TOTS:KØN=K:HERKOMST=35,2017-12-31,8902.0
DST:ATYP032:ARBEJDSTIMER=-15:UDVALGTELØNMODTAGERE=TOTS:KØN=K:HERKOMST=35,2018-12-31,9546.0
DST:ATYP032:ARBEJDSTIMER=-15:UDVALGTELØNMODTAGERE=TOTS:KØN=K:HERKOMST=35,2019-12-31,10373.0
DST:ATYP032:ARBEJDSTIMER=-15:UDVALGTELØNMODTAGERE=TOTS:KØN=K:HERKOMST=35,2020-12-31,10231.0
DST:ATYP032:ARBEJDSTIMER=-15:UDVALGTELØNMODTAGERE=TOTS:KØN=K:HERKOMST=35,2021-12-31,11136.0
DST:ATYP032:ARBEJDSTIMER=-15:UDVALGTELØNMODTAGERE=TOTS:KØN=K:HERKOMST=35,2022-12-31,11414.0
DST:ATYP032:ARBEJDSTIMER=-15:UDVALGTELØNMODTAGERE=TOTS:KØN=K:HERKOMST=35,2023-12-31,11411.0
DST:ATYP032:ARBEJDSTIMER=-15:UDVALGTELØNMODTAGERE=TOTS:KØN=K:HERKOMST=35,2024-12-31,11476.0
DST:ATYP032:ARBEJDSTIMER=-15:UDVALGTELØNMODTAGERE=TOTS:KØN=K:HERKOMST=TOTAL,2008-12-31,188738.0
DST:ATYP032:ARBEJDSTIMER=-15:UDVALGTELØNMODTAGERE=TOTS:KØN=K:HERKOMST=TOTAL,2009-12-31,184687.0
DST:ATYP032:ARBEJDSTIMER=-15:UDVALGTELØNMODTAGERE=TOTS:KØN=K:HERKOMST=TOTAL,2010-12-31,182474.0
DST:ATYP032:ARBEJDSTIMER=-15:UDVALGTELØNMODTAGERE=TOTS:KØN=K:HERKOMST=TOTAL,2011-12-31,182622.0
DST:ATYP032:ARBEJDSTIMER=-15:UDVALGTELØNMODTAGERE=TOTS:KØN=K:HERKOMST=TOTAL,2012-12-31,183818.0
DST:ATYP032:ARBEJDSTIMER=-15:UDVALGTELØNMODTAGERE=TOTS:KØN=K:HERKOMST=TOTAL,2013-12-31,188813.0
DST:ATYP032:ARBEJDSTIMER=-15:UDVALGTELØNMODTAGERE=TOTS:KØN=K:HERKOMST=TOTAL,2014-12-31,193536.0
DST:ATYP032:ARBEJDSTIMER=-15:UDVALGTELØNMODTAGERE=TOTS:KØN=K:HERKOMST=TOTAL,2015-12-31,191551.0
DST:ATYP032:ARBEJDSTIMER=-15:UDVALGTELØNMODTAGERE=TOTS:KØN=K:HERKOMST=TOTAL,2016-12-31,208140.0
DST:ATYP032:ARBEJDSTIMER=-15:UDVALGTELØNMODTAGERE=TOTS:KØN=K:HERKOMST=TOTAL,2017-12-31,213491.0
DST:ATYP032:ARBEJDSTIMER=-15:UDVALGTELØNMODTAGERE=TOTS:KØN=K:HERKOMST=TOTAL,2018-12-31,219854.0
DST:ATYP032:ARBEJDSTIMER=-15:UDVALGTELØNMODTAGERE=TOTS:KØN=K:HERKOMST=TOTAL,2019-12-31,226731.0
DST:ATYP032:ARBEJDSTIMER=-15:UDVALGTELØNMODTAGERE=TOTS:KØN=K:HERKOMST=TOTAL,2020-12-31,218051.0
DST:ATYP032:ARBEJDSTIMER=-15:UDVALGTELØNMODTAGERE=TOTS:KØN=K:HERKOMST=TOTAL,2021-12-31,234125.0
DST:ATYP032:ARBEJDSTIMER=-15:UDVALGTELØNMODTAGERE=TOTS:KØN=K:HERKOMST=TOTAL,2022-12-31,242168.0
DST:ATYP032:ARBEJDSTIMER=-15:UDVALGTELØNMODTAGERE=TOTS:KØN=K:HERKOMST=TOTAL,2023-12-31,245523.0
DST:ATYP032:ARBEJDSTIMER=-15:UDVALGTELØNMODTAGERE=TOTS:KØN=K:HERKOMST=TOTAL,2024-12-31,249687.0
DST:ATYP032:ARBEJDSTIMER=-15:UDVALGTELØNMODTAGERE=TOTS:KØN=M:HERKOMST=10,2008-12-31,138827.0
DST:ATYP032:ARBEJDSTIMER=-15:UDVALGTELØNMODTAGERE=TOTS:KØN=M:HERKOMST=10,2009-12-31,133977.0
DST:ATYP032:ARBEJDSTIMER=-15:UDVALGTELØNMODTAGERE=TOTS:KØN=M:HERKOMST=10,2010-12-31,133119.0
DST:ATYP032:ARBEJDSTIMER=-15:UDVALGTELØNMODTAGERE=TOTS:KØN=M:HERKOMST=10,2011-12-31,133949.0
DST:ATYP032:ARBEJDSTIMER=-15:UDVALGTELØNMODTAGERE=TOTS:KØN=M:HERKOMST=10,2012-12-31,134507.0
DST:ATYP032:ARBEJDSTIMER=-15:UDVALGTELØNMODTAGERE=TOTS:KØN=M:HERKOMST=10,2013-12-31,137611.0
DST:ATYP032:ARBEJDSTIMER=-15:UDVALGTELØNMODTAGERE=TOTS:KØN=M:HERKOMST=10,2014-12-31,139968.0
DST:ATYP032:ARBEJDSTIMER=-15:UDVALGTELØNMODTAGERE=TOTS:KØN=M:HERKOMST=10,2015-12-31,138585.0
DST:ATYP032:ARBEJDSTIMER=-15:UDVALGTELØNMODTAGERE=TOTS:KØN=M:HERKOMST=10,2016-12-31,147571.0
DST:ATYP032:ARBEJDSTIMER=-15:UDVALGTELØNMODTAGERE=TOTS:KØN=M:HERKOMST=10,2017-12-31,150800.0
DST:ATYP032:ARBEJDSTIMER=-15:UDVALGTELØNMODTAGERE=TOTS:KØN=M:HERKOMST=10,2018-12-31,153915.0
DST:ATYP032:ARBEJDSTIMER=-15:UDVALGTELØNMODTAGERE=TOTS:KØN=M:HERKOMST=10,2019-12-31,156817.0
DST:ATYP032:ARBEJDSTIMER=-15:UDVALGTELØNMODTAGERE=TOTS:KØN=M:HERKOMST=10,2020-12-31,149948.0
DST:ATYP032:ARBEJDSTIMER=-15:UDVALGTELØNMODTAGERE=TOTS:KØN=M:HERKOMST=10,2021-12-31,159839.0
DST:ATYP032:ARBEJDSTIMER=-15:UDVALGTELØNMODTAGERE=TOTS:KØN=M:HERKOMST=10,2022-12-31,165868.0
DST:ATYP032:ARBEJDSTIMER=-15:UDVALGTELØNMODTAGERE=TOTS:KØN=M:HERKOMST=10,2023-12-31,166491.0
DST:ATYP032:ARBEJDSTIMER=-15:UDVALGTELØNMODTAGERE=TOTS:KØN=M:HERKOMST=10,2024-12-31,167967.0
DST:ATYP032:ARBEJDSTIMER=-15:UDVALGTELØNMODTAGERE=TOTS:KØN=M:HERKOMST=24,2008-12-31,3344.0
DST:ATYP032:ARBEJDSTIMER=-15:UDVALGTELØNMODTAGERE=TOTS:KØN=M:HERKOMST=24,2009-12-31,3601.0
DST:ATYP032:ARBEJDSTIMER=-15:UDVALGTELØNMODTAGERE=TOTS:KØN=M:HERKOMST=24,2010-12-31,3864.0
DST:ATYP032:ARBEJDSTIMER=-15:UDVALGTELØNMODTAGERE=TOTS:KØN=M:HERKOMST=24,2011-12-31,4302.0
DST:ATYP032:ARBEJDSTIMER=-15:UDVALGTELØNMODTAGERE=TOTS:KØN=M:HERKOMST=24,2012-12-31,4565.0
DST:ATYP032:ARBEJDSTIMER=-15:UDVALGTELØNMODTAGERE=TOTS:KØN=M:HERKOMST=24,2013-12-31,5069.0
DST:ATYP032:ARBEJDSTIMER=-15:UDVALGTELØNMODTAGERE=TOTS:KØN=M:HERKOMST=24,2014-12-31,5845.0
DST:ATYP032:ARBEJDSTIMER=-15:UDVALGTELØNMODTAGERE=TOTS:KØN=M:HERKOMST=24,2015-12-31,6273.0
DST:ATYP032:ARBEJDSTIMER=-15:UDVALGTELØNMODTAGERE=TOTS:KØN=M:HERKOMST=24,2016-12-31,6862.0
DST:ATYP032:ARBEJDSTIMER=-15:UDVALGTELØNMODTAGERE=TOTS:KØN=M:HERKOMST=24,2017-12-31,7009.0
DST:ATYP032:ARBEJDSTIMER=-15:UDVALGTELØNMODTAGERE=TOTS:KØN=M:HERKOMST=24,2018-12-31,7278.0
DST:ATYP032:ARBEJDSTIMER=-15:UDVALGTELØNMODTAGERE=TOTS:KØN=M:HERKOMST=24,2019-12-31,7235.0
DST:ATYP032:ARBEJDSTIMER=-15:UDVALGTELØNMODTAGERE=TOTS:KØN=M:HERKOMST=24,2020-12-31,6589.0
DST:ATYP032:ARBEJDSTIMER=-15:UDVALGTELØNMODTAGERE=TOTS:KØN=M:HERKOMST=24,2021-12-31,7209.0
DST:ATYP032:ARBEJDSTIMER=-15:UDVALGTELØNMODTAGERE=TOTS:KØN=M:HERKOMST=24,2022-12-31,7215.0
DST:ATYP032:ARBEJDSTIMER=-15:UDVALGTELØNMODTAGERE=TOTS:KØN=M:HERKOMST=24,2023-12-31,7422.0
DST:ATYP032:ARBEJDSTIMER=-15:UDVALGTELØNMODTAGERE=TOTS:KØN=M:HERKOMST=24,2024-12-31,7534.0
DST:ATYP032:ARBEJDSTIMER=-15:UDVALGTELØNMODTAGERE=TOTS:KØN=M:HERKOMST=25,2008-12-31,8376.0
DST:ATYP032:ARBEJDSTIMER=-15:UDVALGTELØNMODTAGERE=TOTS:KØN=M:HERKOMST=25,2009-12-31,7755.0
DST:ATYP032:ARBEJDSTIMER=-15:UDVALGTELØNMODTAGERE=TOTS:KØN=M:HERKOMST=25,2010-12-31,7500.0
DST:ATYP032:ARBEJDSTIMER=-15:UDVALGTELØNMODTAGERE=TOTS:KØN=M:HERKOMST=25,2011-12-31,7534.0
DST:ATYP032:ARBEJDSTIMER=-15:UDVALGTELØNMODTAGERE=TOTS:KØN=M:HERKOMST=25,2012-12-31,7388.0
DST:ATYP032:ARBEJDSTIMER=-15:UDVALGTELØNMODTAGERE=TOTS:KØN=M:HERKOMST=25,2013-12-31,8019.0
DST:ATYP032:ARBEJDSTIMER=-15:UDVALGTELØNMODTAGERE=TOTS:KØN=M:HERKOMST=25,2014-12-31,8324.0
DST:ATYP032:ARBEJDSTIMER=-15:UDVALGTELØNMODTAGERE=TOTS:KØN=M:HERKOMST=25,2015-12-31,8358.0
DST:ATYP032:ARBEJDSTIMER=-15:UDVALGTELØNMODTAGERE=TOTS:KØN=M:HERKOMST=25,2016-12-31,9574.0
DST:ATYP032:ARBEJDSTIMER=-15:UDVALGTELØNMODTAGERE=TOTS:KØN=M:HERKOMST=25,2017-12-31,10278.0
DST:ATYP032:ARBEJDSTIMER=-15:UDVALGTELØNMODTAGERE=TOTS:KØN=M:HERKOMST=25,2018-12-31,10952.0
DST:ATYP032:ARBEJDSTIMER=-15:UDVALGTELØNMODTAGERE=TOTS:KØN=M:HERKOMST=25,2019-12-31,11176.0
DST:ATYP032:ARBEJDSTIMER=-15:UDVALGTELØNMODTAGERE=TOTS:KØN=M:HERKOMST=25,2020-12-31,10704.0
DST:ATYP032:ARBEJDSTIMER=-15:UDVALGTELØNMODTAGERE=TOTS:KØN=M:HERKOMST=25,2021-12-31,11339.0
DST:ATYP032:ARBEJDSTIMER=-15:UDVALGTELØNMODTAGERE=TOTS:KØN=M:HERKOMST=25,2022-12-31,12020.0
DST:ATYP032:ARBEJDSTIMER=-15:UDVALGTELØNMODTAGERE=TOTS:KØN=M:HERKOMST=25,2023-12-31,13235.0
DST:ATYP032:ARBEJDSTIMER=-15:UDVALGTELØNMODTAGERE=TOTS:KØN=M:HERKOMST=25,2024-12-31,14289.0
DST:ATYP032:ARBEJDSTIMER=-15:UDVALGTELØNMODTAGERE=TOTS:KØN=M:HERKOMST=34,2008-12-31,537.0
DST:ATYP032:ARBEJDSTIMER=-15:UDVALGTELØNMODTAGERE=TOTS:KØN=M:HERKOMST=34,2009-12-31,509.0
DST:ATYP032:ARBEJDSTIMER=-15:UDVALGTELØNMODTAGERE=TOTS:KØN=M:HERKOMST=34,2010-12-31,483.0
DST:ATYP032:ARBEJDSTIMER=-15:UDVALGTELØNMODTAGERE=TOTS:KØN=M:HERKOMST=34,2011-12-31,520.0
DST:ATYP032:ARBEJDSTIMER=-15:UDVALGTELØNMODTAGERE=TOTS:KØN=M:HERKOMST=34,2012-12-31,497.0
DST:ATYP032:ARBEJDSTIMER=-15:UDVALGTELØNMODTAGERE=TOTS:KØN=M:HERKOMST=34,2013-12-31,540.0
DST:ATYP032:ARBEJDSTIMER=-15:UDVALGTELØNMODTAGERE=TOTS:KØN=M:HERKOMST=34,2014-12-31,574.0
DST:ATYP032:ARBEJDSTIMER=-15:UDVALGTELØNMODTAGERE=TOTS:KØN=M:HERKOMST=34,2015-12-31,580.0
DST:ATYP032:ARBEJDSTIMER=-15:UDVALGTELØNMODTAGERE=TOTS:KØN=M:HERKOMST=34,2016-12-31,654.0
DST:ATYP032:ARBEJDSTIMER=-15:UDVALGTELØNMODTAGERE=TOTS:KØN=M:HERKOMST=34,2017-12-31,658.0
DST:ATYP032:ARBEJDSTIMER=-15:UDVALGTELØNMODTAGERE=TOTS:KØN=M:HERKOMST=34,2018-12-31,707.0
DST:ATYP032:ARBEJDSTIMER=-15:UDVALGTELØNMODTAGERE=TOTS:KØN=M:HERKOMST=34,2019-12-31,721.0
DST:ATYP032:ARBEJDSTIMER=-15:UDVALGTELØNMODTAGERE=TOTS:KØN=M:HERKOMST=34,2020-12-31,724.0
DST:ATYP032:ARBEJDSTIMER=-15:UDVALGTELØNMODTAGERE=TOTS:KØN=M:HERKOMST=34,2021-12-31,817.0
DST:ATYP032:ARBEJDSTIMER=-15:UDVALGTELØNMODTAGERE=TOTS:KØN=M:HERKOMST=34,2022-12-31,899.0
DST:ATYP032:ARBEJDSTIMER=-15:UDVALGTELØNMODTAGERE=TOTS:KØN=M:HERKOMST=34,2023-12-31,1009.0
DST:ATYP032:ARBEJDSTIMER=-15:UDVALGTELØNMODTAGERE=TOTS:KØN=M:HERKOMST=34,2024-12-31,1103.0
DST:ATYP032:ARBEJDSTIMER=-15:UDVALGTELØNMODTAGERE=TOTS:KØN=M:HERKOMST=35,2008-12-31,4619.0
DST:ATYP032:ARBEJDSTIMER=-15:UDVALGTELØNMODTAGERE=TOTS:KØN=M:HERKOMST=35,2009-12-31,4449.0
DST:ATYP032:ARBEJDSTIMER=-15:UDVALGTELØNMODTAGERE=TOTS:KØN=M:HERKOMST=35,2010-12-31,4654.0
DST:ATYP032:ARBEJDSTIMER=-15:UDVALGTELØNMODTAGERE=TOTS:KØN=M:HERKOMST=35,2011-12-31,4878.0
DST:ATYP032:ARBEJDSTIMER=-15:UDVALGTELØNMODTAGERE=TOTS:KØN=M:HERKOMST=35,2012-12-31,5280.0
DST:ATYP032:ARBEJDSTIMER=-15:UDVALGTELØNMODTAGERE=TOTS:KØN=M:HERKOMST=35,2013-12-31,5727.0
DST:ATYP032:ARBEJDSTIMER=-15:UDVALGTELØNMODTAGERE=TOTS:KØN=M:HERKOMST=35,2014-12-31,6096.0
DST:ATYP032:ARBEJDSTIMER=-15:UDVALGTELØNMODTAGERE=TOTS:KØN=M:HERKOMST=35,2015-12-31,6612.0
DST:ATYP032:ARBEJDSTIMER=-15:UDVALGTELØNMODTAGERE=TOTS:KØN=M:HERKOMST=35,2016-12-31,7196.0
DST:ATYP032:ARBEJDSTIMER=-15:UDVALGTELØNMODTAGERE=TOTS:KØN=M:HERKOMST=35,2017-12-31,7815.0
DST:ATYP032:ARBEJDSTIMER=-15:UDVALGTELØNMODTAGERE=TOTS:KØN=M:HERKOMST=35,2018-12-31,8090.0
DST:ATYP032:ARBEJDSTIMER=-15:UDVALGTELØNMODTAGERE=TOTS:KØN=M:HERKOMST=35,2019-12-31,8469.0
DST:ATYP032:ARBEJDSTIMER=-15:UDVALGTELØNMODTAGERE=TOTS:KØN=M:HERKOMST=35,2020-12-31,8312.0
DST:ATYP032:ARBEJDSTIMER=-15:UDVALGTELØNMODTAGERE=TOTS:KØN=M:HERKOMST=35,2021-12-31,9172.0
DST:ATYP032:ARBEJDSTIMER=-15:UDVALGTELØNMODTAGERE=TOTS:KØN=M:HERKOMST=35,2022-12-31,9294.0
DST:ATYP032:ARBEJDSTIMER=-15:UDVALGTELØNMODTAGERE=TOTS:KØN=M:HERKOMST=35,2023-12-31,9407.0
DST:ATYP032:ARBEJDSTIMER=-15:UDVALGTELØNMODTAGERE=TOTS:KØN=M:HERKOMST=35,2024-12-31,9281.0
DST:ATYP032:ARBEJDSTIMER=-15:UDVALGTELØNMODTAGERE=TOTS:KØN=M:HERKOMST=TOTAL,2008-12-31,155703.0
DST:ATYP032:ARBEJDSTIMER=-15:UDVALGTELØNMODTAGERE=TOTS:KØN=M:HERKOMST=TOTAL,2009-12-31,150291.0
DST:ATYP032:ARBEJDSTIMER=-15:UDVALGTELØNMODTAGERE=TOTS:KØN=M:HERKOMST=TOTAL,2010-12-31,149620.0
DST:ATYP032:ARBEJDSTIMER=-15:UDVALGTELØNMODTAGERE=TOTS:KØN=M:HERKOMST=TOTAL,2011-12-31,151183.0
DST:ATYP032:ARBEJDSTIMER=-15:UDVALGTELØNMODTAGERE=TOTS:KØN=M:HERKOMST=TOTAL,2012-12-31,152237.0
DST:ATYP032:ARBEJDSTIMER=-15:UDVALGTELØNMODTAGERE=TOTS:KØN=M:HERKOMST=TOTAL,2013-12-31,156966.0
DST:ATYP032:ARBEJDSTIMER=-15:UDVALGTELØNMODTAGERE=TOTS:KØN=M:HERKOMST=TOTAL,2014-12-31,160807.0
DST:ATYP032:ARBEJDSTIMER=-15:UDVALGTELØNMODTAGERE=TOTS:KØN=M:HERKOMST=TOTAL,2015-12-31,160408.0
DST:ATYP032:ARBEJDSTIMER=-15:UDVALGTELØNMODTAGERE=TOTS:KØN=M:HERKOMST=TOTAL,2016-12-31,171857.0
DST:ATYP032:ARBEJDSTIMER=-15:UDVALGTELØNMODTAGERE=TOTS:KØN=M:HERKOMST=TOTAL,2017-12-31,176560.0
DST:ATYP032:ARBEJDSTIMER=-15:UDVALGTELØNMODTAGERE=TOTS:KØN=M:HERKOMST=TOTAL,2018-12-31,180942.0
DST:ATYP032:ARBEJDSTIMER=-15:UDVALGTELØNMODTAGERE=TOTS:KØN=M:HERKOMST=TOTAL,2019-12-31,184418.0
DST:ATYP032:ARBEJDSTIMER=-15:UDVALGTELØNMODTAGERE=TOTS:KØN=M:HERKOMST=TOTAL,2020-12-31,176277.0
DST:ATYP032:ARBEJDSTIMER=-15:UDVALGTELØNMODTAGERE=TOTS:KØN=M:HERKOMST=TOTAL,2021-12-31,188376.0
DST:ATYP032:ARBEJDSTIMER=-15:UDVALGTELØNMODTAGERE=TOTS:KØN=M:HERKOMST=TOTAL,2022-12-31,195296.0
DST:ATYP032:ARBEJDSTIMER=-15:UDVALGTELØNMODTAGERE=TOTS:KØN=M:HERKOMST=TOTAL,2023-12-31,197564.0
DST:ATYP032:ARBEJDSTIMER=-15:UDVALGTELØNMODTAGERE=TOTS:KØN=M:HERKOMST=TOTAL,2024-12-31,200174.0
DST:ATYP032:ARBEJDSTIMER=TOTD:UDVALGTELØNMODTAGERE=IKKE:KØN=00:HERKOMST=10,2008-12-31,2051987.0
DST:ATYP032:ARBEJDSTIMER=TOTD:UDVALGTELØNMODTAGERE=IKKE:KØN=00:HERKOMST=10,2009-12-31,1961202.0
DST:ATYP032:ARBEJDSTIMER=TOTD:UDVALGTELØNMODTAGERE=IKKE:KØN=00:HERKOMST=10,2010-12-31,1934293.0
DST:ATYP032:ARBEJDSTIMER=TOTD:UDVALGTELØNMODTAGERE=IKKE:KØN=00:HERKOMST=10,2011-12-31,1912701.0
DST:ATYP032:ARBEJDSTIMER=TOTD:UDVALGTELØNMODTAGERE=IKKE:KØN=00:HERKOMST=10,2012-12-31,1887912.0
DST:ATYP032:ARBEJDSTIMER=TOTD:UDVALGTELØNMODTAGERE=IKKE:KØN=00:HERKOMST=10,2013-12-31,1883906.0
DST:ATYP032:ARBEJDSTIMER=TOTD:UDVALGTELØNMODTAGERE=IKKE:KØN=00:HERKOMST=10,2014-12-31,1895685.0
DST:ATYP032:ARBEJDSTIMER=TOTD:UDVALGTELØNMODTAGERE=IKKE:KØN=00:HERKOMST=10,2015-12-31,1910814.0
DST:ATYP032:ARBEJDSTIMER=TOTD:UDVALGTELØNMODTAGERE=IKKE:KØN=00:HERKOMST=10,2016-12-31,1936219.0
DST:ATYP032:ARBEJDSTIMER=TOTD:UDVALGTELØNMODTAGERE=IKKE:KØN=00:HERKOMST=10,2017-12-31,1952740.0
DST:ATYP032:ARBEJDSTIMER=TOTD:UDVALGTELØNMODTAGERE=IKKE:KØN=00:HERKOMST=10,2018-12-31,1971027.0
DST:ATYP032:ARBEJDSTIMER=TOTD:UDVALGTELØNMODTAGERE=IKKE:KØN=00:HERKOMST=10,2019-12-31,1985254.0
DST:ATYP032:ARBEJDSTIMER=TOTD:UDVALGTELØNMODTAGERE=IKKE:KØN=00:HERKOMST=10,2020-12-31,1977333.0
DST:ATYP032:ARBEJDSTIMER=TOTD:UDVALGTELØNMODTAGERE=IKKE:KØN=00:HERKOMST=10,2021-12-31,2032716.0
DST:ATYP032:ARBEJDSTIMER=TOTD:UDVALGTELØNMODTAGERE=IKKE:KØN=00:HERKOMST=10,2022-12-31,2060928.0
DST:ATYP032:ARBEJDSTIMER=TOTD:UDVALGTELØNMODTAGERE=IKKE:KØN=00:HERKOMST=10,2023-12-31,2062788.0
DST:ATYP032:ARBEJDSTIMER=TOTD:UDVALGTELØNMODTAGERE=IKKE:KØN=00:HERKOMST=10,2024-12-31,2056515.0
DST:ATYP032:ARBEJDSTIMER=TOTD:UDVALGTELØNMODTAGERE=IKKE:KØN=00:HERKOMST=24,2008-12-31,69461.0
DST:ATYP032:ARBEJDSTIMER=TOTD:UDVALGTELØNMODTAGERE=IKKE:KØN=00:HERKOMST=24,2009-12-31,68198.0
DST:ATYP032:ARBEJDSTIMER=TOTD:UDVALGTELØNMODTAGERE=IKKE:KØN=00:HERKOMST=24,2010-12-31,70134.0
DST:ATYP032:ARBEJDSTIMER=TOTD:UDVALGTELØNMODTAGERE=IKKE:KØN=00:HERKOMST=24,2011-12-31,73925.0
DST:ATYP032:ARBEJDSTIMER=TOTD:UDVALGTELØNMODTAGERE=IKKE:KØN=00:HERKOMST=24,2012-12-31,77778.0
DST:ATYP032:ARBEJDSTIMER=TOTD:UDVALGTELØNMODTAGERE=IKKE:KØN=00:HERKOMST=24,2013-12-31,82763.0
DST:ATYP032:ARBEJDSTIMER=TOTD:UDVALGTELØNMODTAGERE=IKKE:KØN=00:HERKOMST=24,2014-12-31,89849.0
DST:ATYP032:ARBEJDSTIMER=TOTD:UDVALGTELØNMODTAGERE=IKKE:KØN=00:HERKOMST=24,2015-12-31,98464.0
DST:ATYP032:ARBEJDSTIMER=TOTD:UDVALGTELØNMODTAGERE=IKKE:KØN=00:HERKOMST=24,2016-12-31,106507.0
DST:ATYP032:ARBEJDSTIMER=TOTD:UDVALGTELØNMODTAGERE=IKKE:KØN=00:HERKOMST=24,2017-12-31,113204.0
DST:ATYP032:ARBEJDSTIMER=TOTD:UDVALGTELØNMODTAGERE=IKKE:KØN=00:HERKOMST=24,2018-12-31,120550.0
DST:ATYP032:ARBEJDSTIMER=TOTD:UDVALGTELØNMODTAGERE=IKKE:KØN=00:HERKOMST=24,2019-12-31,125191.0
DST:ATYP032:ARBEJDSTIMER=TOTD:UDVALGTELØNMODTAGERE=IKKE:KØN=00:HERKOMST=24,2020-12-31,126020.0
DST:ATYP032:ARBEJDSTIMER=TOTD:UDVALGTELØNMODTAGERE=IKKE:KØN=00:HERKOMST=24,2021-12-31,140027.0
DST:ATYP032:ARBEJDSTIMER=TOTD:UDVALGTELØNMODTAGERE=IKKE:KØN=00:HERKOMST=24,2022-12-31,151705.0
DST:ATYP032:ARBEJDSTIMER=TOTD:UDVALGTELØNMODTAGERE=IKKE:KØN=00:HERKOMST=24,2023-12-31,157891.0
DST:ATYP032:ARBEJDSTIMER=TOTD:UDVALGTELØNMODTAGERE=IKKE:KØN=00:HERKOMST=24,2024-12-31,161562.0
DST:ATYP032:ARBEJDSTIMER=TOTD:UDVALGTELØNMODTAGERE=IKKE:KØN=00:HERKOMST=25,2008-12-31,95099.0
DST:ATYP032:ARBEJDSTIMER=TOTD:UDVALGTELØNMODTAGERE=IKKE:KØN=00:HERKOMST=25,2009-12-31,89988.0
DST:ATYP032:ARBEJDSTIMER=TOTD:UDVALGTELØNMODTAGERE=IKKE:KØN=00:HERKOMST=25,2010-12-31,89510.0
DST:ATYP032:ARBEJDSTIMER=TOTD:UDVALGTELØNMODTAGERE=IKKE:KØN=00:HERKOMST=25,2011-12-31,91079.0
DST:ATYP032:ARBEJDSTIMER=TOTD:UDVALGTELØNMODTAGERE=IKKE:KØN=00:HERKOMST=25,2012-12-31,91674.0
DST:ATYP032:ARBEJDSTIMER=TOTD:UDVALGTELØNMODTAGERE=IKKE:KØN=00:HERKOMST=25,2013-12-31,95222.0
DST:ATYP032:ARBEJDSTIMER=TOTD:UDVALGTELØNMODTAGERE=IKKE:KØN=00:HERKOMST=25,2014-12-31,101143.0
DST:ATYP032:ARBEJDSTIMER=TOTD:UDVALGTELØNMODTAGERE=IKKE:KØN=00:HERKOMST=25,2015-12-31,107852.0
DST:ATYP032:ARBEJDSTIMER=TOTD:UDVALGTELØNMODTAGERE=IKKE:KØN=00:HERKOMST=25,2016-12-31,118847.0
DST:ATYP032:ARBEJDSTIMER=TOTD:UDVALGTELØNMODTAGERE=IKKE:KØN=00:HERKOMST=25,2017-12-31,129536.0
DST:ATYP032:ARBEJDSTIMER=TOTD:UDVALGTELØNMODTAGERE=IKKE:KØN=00:HERKOMST=25,2018-12-31,139594.0
DST:ATYP032:ARBEJDSTIMER=TOTD:UDVALGTELØNMODTAGERE=IKKE:KØN=00:HERKOMST=25,2019-12-31,147188.0
DST:ATYP032:ARBEJDSTIMER=TOTD:UDVALGTELØNMODTAGERE=IKKE:KØN=00:HERKOMST=25,2020-12-31,146997.0
DST:ATYP032:ARBEJDSTIMER=TOTD:UDVALGTELØNMODTAGERE=IKKE:KØN=00:HERKOMST=25,2021-12-31,161818.0
DST:ATYP032:ARBEJDSTIMER=TOTD:UDVALGTELØNMODTAGERE=IKKE:KØN=00:HERKOMST=25,2022-12-31,179768.0
DST:ATYP032:ARBEJDSTIMER=TOTD:UDVALGTELØNMODTAGERE=IKKE:KØN=00:HERKOMST=25,2023-12-31,194644.0
DST:ATYP032:ARBEJDSTIMER=TOTD:UDVALGTELØNMODTAGERE=IKKE:KØN=00:HERKOMST=25,2024-12-31,208151.0
DST:ATYP032:ARBEJDSTIMER=TOTD:UDVALGTELØNMODTAGERE=IKKE:KØN=00:HERKOMST=34,2008-12-31,4404.0
DST:ATYP032:ARBEJDSTIMER=TOTD:UDVALGTELØNMODTAGERE=IKKE:KØN=00:HERKOMST=34,2009-12-31,4172.0
DST:ATYP032:ARBEJDSTIMER=TOTD:UDVALGTELØNMODTAGERE=IKKE:KØN=00:HERKOMST=34,2010-12-31,4136.0
DST:ATYP032:ARBEJDSTIMER=TOTD:UDVALGTELØNMODTAGERE=IKKE:KØN=00:HERKOMST=34,2011-12-31,4238.0
DST:ATYP032:ARBEJDSTIMER=TOTD:UDVALGTELØNMODTAGERE=IKKE:KØN=00:HERKOMST=34,2012-12-31,4306.0
DST:ATYP032:ARBEJDSTIMER=TOTD:UDVALGTELØNMODTAGERE=IKKE:KØN=00:HERKOMST=34,2013-12-31,4418.0
DST:ATYP032:ARBEJDSTIMER=TOTD:UDVALGTELØNMODTAGERE=IKKE:KØN=00:HERKOMST=34,2014-12-31,4602.0
DST:ATYP032:ARBEJDSTIMER=TOTD:UDVALGTELØNMODTAGERE=IKKE:KØN=00:HERKOMST=34,2015-12-31,4764.0
DST:ATYP032:ARBEJDSTIMER=TOTD:UDVALGTELØNMODTAGERE=IKKE:KØN=00:HERKOMST=34,2016-12-31,4944.0
DST:ATYP032:ARBEJDSTIMER=TOTD:UDVALGTELØNMODTAGERE=IKKE:KØN=00:HERKOMST=34,2017-12-31,5190.0
DST:ATYP032:ARBEJDSTIMER=TOTD:UDVALGTELØNMODTAGERE=IKKE:KØN=00:HERKOMST=34,2018-12-31,5380.0
DST:ATYP032:ARBEJDSTIMER=TOTD:UDVALGTELØNMODTAGERE=IKKE:KØN=00:HERKOMST=34,2019-12-31,5576.0
DST:ATYP032:ARBEJDSTIMER=TOTD:UDVALGTELØNMODTAGERE=IKKE:KØN=00:HERKOMST=34,2020-12-31,5598.0
DST:ATYP032:ARBEJDSTIMER=TOTD:UDVALGTELØNMODTAGERE=IKKE:KØN=00:HERKOMST=34,2021-12-31,6007.0
DST:ATYP032:ARBEJDSTIMER=TOTD:UDVALGTELØNMODTAGERE=IKKE:KØN=00:HERKOMST=34,2022-12-31,6520.0
DST:ATYP032:ARBEJDSTIMER=TOTD:UDVALGTELØNMODTAGERE=IKKE:KØN=00:HERKOMST=34,2023-12-31,6639.0
DST:ATYP032:ARBEJDSTIMER=TOTD:UDVALGTELØNMODTAGERE=IKKE:KØN=00:HERKOMST=34,2024-12-31,6775.0
DST:ATYP032:ARBEJDSTIMER=TOTD:UDVALGTELØNMODTAGERE=IKKE:KØN=00:HERKOMST=35,2008-12-31,10434.0
DST:ATYP032:ARBEJDSTIMER=TOTD:UDVALGTELØNMODTAGERE=IKKE:KØN=00:HERKOMST=35,2009-12-31,10346.0
DST:ATYP032:ARBEJDSTIMER=TOTD:UDVALGTELØNMODTAGERE=IKKE:KØN=00:HERKOMST=35,2010-12-31,10739.0
DST:ATYP032:ARBEJDSTIMER=TOTD:UDVALGTELØNMODTAGERE=IKKE:KØN=00:HERKOMST=35,2011-12-31,11655.0
DST:ATYP032:ARBEJDSTIMER=TOTD:UDVALGTELØNMODTAGERE=IKKE:KØN=00:HERKOMST=35,2012-12-31,12445.0
DST:ATYP032:ARBEJDSTIMER=TOTD:UDVALGTELØNMODTAGERE=IKKE:KØN=00:HERKOMST=35,2013-12-31,13788.0
DST:ATYP032:ARBEJDSTIMER=TOTD:UDVALGTELØNMODTAGERE=IKKE:KØN=00:HERKOMST=35,2014-12-31,15735.0
DST:ATYP032:ARBEJDSTIMER=TOTD:UDVALGTELØNMODTAGERE=IKKE:KØN=00:HERKOMST=35,2015-12-31,18203.0
DST:ATYP032:ARBEJDSTIMER=TOTD:UDVALGTELØNMODTAGERE=IKKE:KØN=00:HERKOMST=35,2016-12-31,20767.0
DST:ATYP032:ARBEJDSTIMER=TOTD:UDVALGTELØNMODTAGERE=IKKE:KØN=00:HERKOMST=35,2017-12-31,23410.0
DST:ATYP032:ARBEJDSTIMER=TOTD:UDVALGTELØNMODTAGERE=IKKE:KØN=00:HERKOMST=35,2018-12-31,26281.0
DST:ATYP032:ARBEJDSTIMER=TOTD:UDVALGTELØNMODTAGERE=IKKE:KØN=00:HERKOMST=35,2019-12-31,29210.0
DST:ATYP032:ARBEJDSTIMER=TOTD:UDVALGTELØNMODTAGERE=IKKE:KØN=00:HERKOMST=35,2020-12-31,31299.0
DST:ATYP032:ARBEJDSTIMER=TOTD:UDVALGTELØNMODTAGERE=IKKE:KØN=00:HERKOMST=35,2021-12-31,37518.0
DST:ATYP032:ARBEJDSTIMER=TOTD:UDVALGTELØNMODTAGERE=IKKE:KØN=00:HERKOMST=35,2022-12-31,41323.0
DST:ATYP032:ARBEJDSTIMER=TOTD:UDVALGTELØNMODTAGERE=IKKE:KØN=00:HERKOMST=35,2023-12-31,44065.0
DST:ATYP032:ARBEJDSTIMER=TOTD:UDVALGTELØNMODTAGERE=IKKE:KØN=00:HERKOMST=35,2024-12-31,47239.0
DST:ATYP032:ARBEJDSTIMER=TOTD:UDVALGTELØNMODTAGERE=IKKE:KØN=00:HERKOMST=TOTAL,2008-12-31,2231385.0
DST:ATYP032:ARBEJDSTIMER=TOTD:UDVALGTELØNMODTAGERE=IKKE:KØN=00:HERKOMST=TOTAL,2009-12-31,2133906.0
DST:ATYP032:ARBEJDSTIMER=TOTD:UDVALGTELØNMODTAGERE=IKKE:KØN=00:HERKOMST=TOTAL,2010-12-31,2108812.0
DST:ATYP032:ARBEJDSTIMER=TOTD:UDVALGTELØNMODTAGERE=IKKE:KØN=00:HERKOMST=TOTAL,2011-12-31,2093598.0
DST:ATYP032:ARBEJDSTIMER=TOTD:UDVALGTELØNMODTAGERE=IKKE:KØN=00:HERKOMST=TOTAL,2012-12-31,2074115.0
DST:ATYP032:ARBEJDSTIMER=TOTD:UDVALGTELØNMODTAGERE=IKKE:KØN=00:HERKOMST=TOTAL,2013-12-31,2080097.0
DST:ATYP032:ARBEJDSTIMER=TOTD:UDVALGTELØNMODTAGERE=IKKE:KØN=00:HERKOMST=TOTAL,2014-12-31,2107014.0
DST:ATYP032:ARBEJDSTIMER=TOTD:UDVALGTELØNMODTAGERE=IKKE:KØN=00:HERKOMST=TOTAL,2015-12-31,2140097.0
DST:ATYP032:ARBEJDSTIMER=TOTD:UDVALGTELØNMODTAGERE=IKKE:KØN=00:HERKOMST=TOTAL,2016-12-31,2187284.0
DST:ATYP032:ARBEJDSTIMER=TOTD:UDVALGTELØNMODTAGERE=IKKE:KØN=00:HERKOMST=TOTAL,2017-12-31,2224080.0
DST:ATYP032:ARBEJDSTIMER=TOTD:UDVALGTELØNMODTAGERE=IKKE:KØN=00:HERKOMST=TOTAL,2018-12-31,2262832.0
DST:ATYP032:ARBEJDSTIMER=TOTD:UDVALGTELØNMODTAGERE=IKKE:KØN=00:HERKOMST=TOTAL,2019-12-31,2292419.0
DST:ATYP032:ARBEJDSTIMER=TOTD:UDVALGTELØNMODTAGERE=IKKE:KØN=00:HERKOMST=TOTAL,2020-12-31,2287247.0
DST:ATYP032:ARBEJDSTIMER=TOTD:UDVALGTELØNMODTAGERE=IKKE:KØN=00:HERKOMST=TOTAL,2021-12-31,2378086.0
DST:ATYP032:ARBEJDSTIMER=TOTD:UDVALGTELØNMODTAGERE=IKKE:KØN=00:HERKOMST=TOTAL,2022-12-31,2440244.0
DST:ATYP032:ARBEJDSTIMER=TOTD:UDVALGTELØNMODTAGERE=IKKE:KØN=00:HERKOMST=TOTAL,2023-12-31,2466027.0
DST:ATYP032:ARBEJDSTIMER=TOTD:UDVALGTELØNMODTAGERE=IKKE:KØN=00:HERKOMST=TOTAL,2024-12-31,2480242.0
DST:ATYP032:ARBEJDSTIMER=TOTD:UDVALGTELØNMODTAGERE=IKKE:KØN=K:HERKOMST=10,2008-12-31,1002389.0
DST:ATYP032:ARBEJDSTIMER=TOTD:UDVALGTELØNMODTAGERE=IKKE:KØN=K:HERKOMST=10,2009-12-31,972703.0
DST:ATYP032:ARBEJDSTIMER=TOTD:UDVALGTELØNMODTAGERE=IKKE:KØN=K:HERKOMST=10,2010-12-31,952981.0
DST:ATYP032:ARBEJDSTIMER=TOTD:UDVALGTELØNMODTAGERE=IKKE:KØN=K:HERKOMST=10,2011-12-31,934110.0
DST:ATYP032:ARBEJDSTIMER=TOTD:UDVALGTELØNMODTAGERE=IKKE:KØN=K:HERKOMST=10,2012-12-31,920657.0
DST:ATYP032:ARBEJDSTIMER=TOTD:UDVALGTELØNMODTAGERE=IKKE:KØN=K:HERKOMST=10,2013-12-31,919145.0
DST:ATYP032:ARBEJDSTIMER=TOTD:UDVALGTELØNMODTAGERE=IKKE:KØN=K:HERKOMST=10,2014-12-31,923090.0
DST:ATYP032:ARBEJDSTIMER=TOTD:UDVALGTELØNMODTAGERE=IKKE:KØN=K:HERKOMST=10,2015-12-31,928139.0
DST:ATYP032:ARBEJDSTIMER=TOTD:UDVALGTELØNMODTAGERE=IKKE:KØN=K:HERKOMST=10,2016-12-31,938122.0
DST:ATYP032:ARBEJDSTIMER=TOTD:UDVALGTELØNMODTAGERE=IKKE:KØN=K:HERKOMST=10,2017-12-31,946949.0
DST:ATYP032:ARBEJDSTIMER=TOTD:UDVALGTELØNMODTAGERE=IKKE:KØN=K:HERKOMST=10,2018-12-31,956124.0
DST:ATYP032:ARBEJDSTIMER=TOTD:UDVALGTELØNMODTAGERE=IKKE:KØN=K:HERKOMST=10,2019-12-31,962573.0
DST:ATYP032:ARBEJDSTIMER=TOTD:UDVALGTELØNMODTAGERE=IKKE:KØN=K:HERKOMST=10,2020-12-31,957747.0
DST:ATYP032:ARBEJDSTIMER=TOTD:UDVALGTELØNMODTAGERE=IKKE:KØN=K:HERKOMST=10,2021-12-31,982038.0
DST:ATYP032:ARBEJDSTIMER=TOTD:UDVALGTELØNMODTAGERE=IKKE:KØN=K:HERKOMST=10,2022-12-31,995841.0
DST:ATYP032:ARBEJDSTIMER=TOTD:UDVALGTELØNMODTAGERE=IKKE:KØN=K:HERKOMST=10,2023-12-31,996293.0
DST:ATYP032:ARBEJDSTIMER=TOTD:UDVALGTELØNMODTAGERE=IKKE:KØN=K:HERKOMST=10,2024-12-31,993464.0
DST:ATYP032:ARBEJDSTIMER=TOTD:UDVALGTELØNMODTAGERE=IKKE:KØN=K:HERKOMST=24,2008-12-31,31650.0
DST:ATYP032:ARBEJDSTIMER=TOTD:UDVALGTELØNMODTAGERE=IKKE:KØN=K:HERKOMST=24,2009-12-31,31914.0
DST:ATYP032:ARBEJDSTIMER=TOTD:UDVALGTELØNMODTAGERE=IKKE:KØN=K:HERKOMST=24,2010-12-31,32685.0
DST:ATYP032:ARBEJDSTIMER=TOTD:UDVALGTELØNMODTAGERE=IKKE:KØN=K:HERKOMST=24,2011-12-31,33743.0
DST:ATYP032:ARBEJDSTIMER=TOTD:UDVALGTELØNMODTAGERE=IKKE:KØN=K:HERKOMST=24,2012-12-31,35058.0
DST:ATYP032:ARBEJDSTIMER=TOTD:UDVALGTELØNMODTAGERE=IKKE:KØN=K:HERKOMST=24,2013-12-31,36980.0
DST:ATYP032:ARBEJDSTIMER=TOTD:UDVALGTELØNMODTAGERE=IKKE:KØN=K:HERKOMST=24,2014-12-31,39317.0
DST:ATYP032:ARBEJDSTIMER=TOTD:UDVALGTELØNMODTAGERE=IKKE:KØN=K:HERKOMST=24,2015-12-31,42314.0
DST:ATYP032:ARBEJDSTIMER=TOTD:UDVALGTELØNMODTAGERE=IKKE:KØN=K:HERKOMST=24,2016-12-31,45937.0
DST:ATYP032:ARBEJDSTIMER=TOTD:UDVALGTELØNMODTAGERE=IKKE:KØN=K:HERKOMST=24,2017-12-31,48864.0
DST:ATYP032:ARBEJDSTIMER=TOTD:UDVALGTELØNMODTAGERE=IKKE:KØN=K:HERKOMST=24,2018-12-31,52204.0
DST:ATYP032:ARBEJDSTIMER=TOTD:UDVALGTELØNMODTAGERE=IKKE:KØN=K:HERKOMST=24,2019-12-31,54820.0
DST:ATYP032:ARBEJDSTIMER=TOTD:UDVALGTELØNMODTAGERE=IKKE:KØN=K:HERKOMST=24,2020-12-31,55579.0
DST:ATYP032:ARBEJDSTIMER=TOTD:UDVALGTELØNMODTAGERE=IKKE:KØN=K:HERKOMST=24,2021-12-31,61689.0
DST:ATYP032:ARBEJDSTIMER=TOTD:UDVALGTELØNMODTAGERE=IKKE:KØN=K:HERKOMST=24,2022-12-31,67073.0
DST:ATYP032:ARBEJDSTIMER=TOTD:UDVALGTELØNMODTAGERE=IKKE:KØN=K:HERKOMST=24,2023-12-31,70238.0
DST:ATYP032:ARBEJDSTIMER=TOTD:UDVALGTELØNMODTAGERE=IKKE:KØN=K:HERKOMST=24,2024-12-31,72518.0
DST:ATYP032:ARBEJDSTIMER=TOTD:UDVALGTELØNMODTAGERE=IKKE:KØN=K:HERKOMST=25,2008-12-31,45743.0
DST:ATYP032:ARBEJDSTIMER=TOTD:UDVALGTELØNMODTAGERE=IKKE:KØN=K:HERKOMST=25,2009-12-31,44711.0
DST:ATYP032:ARBEJDSTIMER=TOTD:UDVALGTELØNMODTAGERE=IKKE:KØN=K:HERKOMST=25,2010-12-31,44525.0
DST:ATYP032:ARBEJDSTIMER=TOTD:UDVALGTELØNMODTAGERE=IKKE:KØN=K:HERKOMST=25,2011-12-31,45019.0
DST:ATYP032:ARBEJDSTIMER=TOTD:UDVALGTELØNMODTAGERE=IKKE:KØN=K:HERKOMST=25,2012-12-31,45422.0
DST:ATYP032:ARBEJDSTIMER=TOTD:UDVALGTELØNMODTAGERE=IKKE:KØN=K:HERKOMST=25,2013-12-31,46764.0
DST:ATYP032:ARBEJDSTIMER=TOTD:UDVALGTELØNMODTAGERE=IKKE:KØN=K:HERKOMST=25,2014-12-31,49455.0
DST:ATYP032:ARBEJDSTIMER=TOTD:UDVALGTELØNMODTAGERE=IKKE:KØN=K:HERKOMST=25,2015-12-31,52040.0
DST:ATYP032:ARBEJDSTIMER=TOTD:UDVALGTELØNMODTAGERE=IKKE:KØN=K:HERKOMST=25,2016-12-31,56281.0
DST:ATYP032:ARBEJDSTIMER=TOTD:UDVALGTELØNMODTAGERE=IKKE:KØN=K:HERKOMST=25,2017-12-31,60786.0
DST:ATYP032:ARBEJDSTIMER=TOTD:UDVALGTELØNMODTAGERE=IKKE:KØN=K:HERKOMST=25,2018-12-31,65383.0
DST:ATYP032:ARBEJDSTIMER=TOTD:UDVALGTELØNMODTAGERE=IKKE:KØN=K:HERKOMST=25,2019-12-31,69200.0
DST:ATYP032:ARBEJDSTIMER=TOTD:UDVALGTELØNMODTAGERE=IKKE:KØN=K:HERKOMST=25,2020-12-31,69622.0
DST:ATYP032:ARBEJDSTIMER=TOTD:UDVALGTELØNMODTAGERE=IKKE:KØN=K:HERKOMST=25,2021-12-31,77079.0
DST:ATYP032:ARBEJDSTIMER=TOTD:UDVALGTELØNMODTAGERE=IKKE:KØN=K:HERKOMST=25,2022-12-31,87627.0
DST:ATYP032:ARBEJDSTIMER=TOTD:UDVALGTELØNMODTAGERE=IKKE:KØN=K:HERKOMST=25,2023-12-31,94704.0
DST:ATYP032:ARBEJDSTIMER=TOTD:UDVALGTELØNMODTAGERE=IKKE:KØN=K:HERKOMST=25,2024-12-31,100386.0
DST:ATYP032:ARBEJDSTIMER=TOTD:UDVALGTELØNMODTAGERE=IKKE:KØN=K:HERKOMST=34,2008-12-31,2036.0
DST:ATYP032:ARBEJDSTIMER=TOTD:UDVALGTELØNMODTAGERE=IKKE:KØN=K:HERKOMST=34,2009-12-31,1979.0
DST:ATYP032:ARBEJDSTIMER=TOTD:UDVALGTELØNMODTAGERE=IKKE:KØN=K:HERKOMST=34,2010-12-31,1957.0
DST:ATYP032:ARBEJDSTIMER=TOTD:UDVALGTELØNMODTAGERE=IKKE:KØN=K:HERKOMST=34,2011-12-31,2013.0
DST:ATYP032:ARBEJDSTIMER=TOTD:UDVALGTELØNMODTAGERE=IKKE:KØN=K:HERKOMST=34,2012-12-31,2078.0
DST:ATYP032:ARBEJDSTIMER=TOTD:UDVALGTELØNMODTAGERE=IKKE:KØN=K:HERKOMST=34,2013-12-31,2123.0
DST:ATYP032:ARBEJDSTIMER=TOTD:UDVALGTELØNMODTAGERE=IKKE:KØN=K:HERKOMST=34,2014-12-31,2196.0
DST:ATYP032:ARBEJDSTIMER=TOTD:UDVALGTELØNMODTAGERE=IKKE:KØN=K:HERKOMST=34,2015-12-31,2283.0
DST:ATYP032:ARBEJDSTIMER=TOTD:UDVALGTELØNMODTAGERE=IKKE:KØN=K:HERKOMST=34,2016-12-31,2376.0
DST:ATYP032:ARBEJDSTIMER=TOTD:UDVALGTELØNMODTAGERE=IKKE:KØN=K:HERKOMST=34,2017-12-31,2478.0
DST:ATYP032:ARBEJDSTIMER=TOTD:UDVALGTELØNMODTAGERE=IKKE:KØN=K:HERKOMST=34,2018-12-31,2585.0
DST:ATYP032:ARBEJDSTIMER=TOTD:UDVALGTELØNMODTAGERE=IKKE:KØN=K:HERKOMST=34,2019-12-31,2680.0
DST:ATYP032:ARBEJDSTIMER=TOTD:UDVALGTELØNMODTAGERE=IKKE:KØN=K:HERKOMST=34,2020-12-31,2683.0
DST:ATYP032:ARBEJDSTIMER=TOTD:UDVALGTELØNMODTAGERE=IKKE:KØN=K:HERKOMST=34,2021-12-31,2891.0
DST:ATYP032:ARBEJDSTIMER=TOTD:UDVALGTELØNMODTAGERE=IKKE:KØN=K:HERKOMST=34,2022-12-31,3084.0
DST:ATYP032:ARBEJDSTIMER=TOTD:UDVALGTELØNMODTAGERE=IKKE:KØN=K:HERKOMST=34,2023-12-31,3141.0
DST:ATYP032:ARBEJDSTIMER=TOTD:UDVALGTELØNMODTAGERE=IKKE:KØN=K:HERKOMST=34,2024-12-31,3247.0
DST:ATYP032:ARBEJDSTIMER=TOTD:UDVALGTELØNMODTAGERE=IKKE:KØN=K:HERKOMST=35,2008-12-31,5039.0
DST:ATYP032:ARBEJDSTIMER=TOTD:UDVALGTELØNMODTAGERE=IKKE:KØN=K:HERKOMST=35,2009-12-31,5073.0
DST:ATYP032:ARBEJDSTIMER=TOTD:UDVALGTELØNMODTAGERE=IKKE:KØN=K:HERKOMST=35,2010-12-31,5164.0
DST:ATYP032:ARBEJDSTIMER=TOTD:UDVALGTELØNMODTAGERE=IKKE:KØN=K:HERKOMST=35,2011-12-31,5521.0
DST:ATYP032:ARBEJDSTIMER=TOTD:UDVALGTELØNMODTAGERE=IKKE:KØN=K:HERKOMST=35,2012-12-31,5922.0
DST:ATYP032:ARBEJDSTIMER=TOTD:UDVALGTELØNMODTAGERE=IKKE:KØN=K:HERKOMST=35,2013-12-31,6553.0
DST:ATYP032:ARBEJDSTIMER=TOTD:UDVALGTELØNMODTAGERE=IKKE:KØN=K:HERKOMST=35,2014-12-31,7440.0
DST:ATYP032:ARBEJDSTIMER=TOTD:UDVALGTELØNMODTAGERE=IKKE:KØN=K:HERKOMST=35,2015-12-31,8664.0
DST:ATYP032:ARBEJDSTIMER=TOTD:UDVALGTELØNMODTAGERE=IKKE:KØN=K:HERKOMST=35,2016-12-31,9816.0
DST:ATYP032:ARBEJDSTIMER=TOTD:UDVALGTELØNMODTAGERE=IKKE:KØN=K:HERKOMST=35,2017-12-31,11223.0
DST:ATYP032:ARBEJDSTIMER=TOTD:UDVALGTELØNMODTAGERE=IKKE:KØN=K:HERKOMST=35,2018-12-31,12653.0
DST:ATYP032:ARBEJDSTIMER=TOTD:UDVALGTELØNMODTAGERE=IKKE:KØN=K:HERKOMST=35,2019-12-31,13933.0
DST:ATYP032:ARBEJDSTIMER=TOTD:UDVALGTELØNMODTAGERE=IKKE:KØN=K:HERKOMST=35,2020-12-31,15177.0
DST:ATYP032:ARBEJDSTIMER=TOTD:UDVALGTELØNMODTAGERE=IKKE:KØN=K:HERKOMST=35,2021-12-31,18091.0
DST:ATYP032:ARBEJDSTIMER=TOTD:UDVALGTELØNMODTAGERE=IKKE:KØN=K:HERKOMST=35,2022-12-31,20122.0
DST:ATYP032:ARBEJDSTIMER=TOTD:UDVALGTELØNMODTAGERE=IKKE:KØN=K:HERKOMST=35,2023-12-31,21455.0
DST:ATYP032:ARBEJDSTIMER=TOTD:UDVALGTELØNMODTAGERE=IKKE:KØN=K:HERKOMST=35,2024-12-31,22923.0
DST:ATYP032:ARBEJDSTIMER=TOTD:UDVALGTELØNMODTAGERE=IKKE:KØN=K:HERKOMST=TOTAL,2008-12-31,1086857.0
DST:ATYP032:ARBEJDSTIMER=TOTD:UDVALGTELØNMODTAGERE=IKKE:KØN=K:HERKOMST=TOTAL,2009-12-31,1056380.0
DST:ATYP032:ARBEJDSTIMER=TOTD:UDVALGTELØNMODTAGERE=IKKE:KØN=K:HERKOMST=TOTAL,2010-12-31,1037312.0
DST:ATYP032:ARBEJDSTIMER=TOTD:UDVALGTELØNMODTAGERE=IKKE:KØN=K:HERKOMST=TOTAL,2011-12-31,1020406.0
DST:ATYP032:ARBEJDSTIMER=TOTD:UDVALGTELØNMODTAGERE=IKKE:KØN=K:HERKOMST=TOTAL,2012-12-31,1009137.0
DST:ATYP032:ARBEJDSTIMER=TOTD:UDVALGTELØNMODTAGERE=IKKE:KØN=K:HERKOMST=TOTAL,2013-12-31,1011565.0
DST:ATYP032:ARBEJDSTIMER=TOTD:UDVALGTELØNMODTAGERE=IKKE:KØN=K:HERKOMST=TOTAL,2014-12-31,1021498.0
DST:ATYP032:ARBEJDSTIMER=TOTD:UDVALGTELØNMODTAGERE=IKKE:KØN=K:HERKOMST=TOTAL,2015-12-31,1033440.0
DST:ATYP032:ARBEJDSTIMER=TOTD:UDVALGTELØNMODTAGERE=IKKE:KØN=K:HERKOMST=TOTAL,2016-12-31,1052532.0
DST:ATYP032:ARBEJDSTIMER=TOTD:UDVALGTELØNMODTAGERE=IKKE:KØN=K:HERKOMST=TOTAL,2017-12-31,1070300.0
DST:ATYP032:ARBEJDSTIMER=TOTD:UDVALGTELØNMODTAGERE=IKKE:KØN=K:HERKOMST=TOTAL,2018-12-31,1088949.0
DST:ATYP032:ARBEJDSTIMER=TOTD:UDVALGTELØNMODTAGERE=IKKE:KØN=K:HERKOMST=TOTAL,2019-12-31,1103206.0
DST:ATYP032:ARBEJDSTIMER=TOTD:UDVALGTELØNMODTAGERE=IKKE:KØN=K:HERKOMST=TOTAL,2020-12-31,1100808.0
DST:ATYP032:ARBEJDSTIMER=TOTD:UDVALGTELØNMODTAGERE=IKKE:KØN=K:HERKOMST=TOTAL,2021-12-31,1141788.0
DST:ATYP032:ARBEJDSTIMER=TOTD:UDVALGTELØNMODTAGERE=IKKE:KØN=K:HERKOMST=TOTAL,2022-12-31,1173747.0
DST:ATYP032:ARBEJDSTIMER=TOTD:UDVALGTELØNMODTAGERE=IKKE:KØN=K:HERKOMST=TOTAL,2023-12-31,1185831.0
DST:ATYP032:ARBEJDSTIMER=TOTD:UDVALGTELØNMODTAGERE=IKKE:KØN=K:HERKOMST=TOTAL,2024-12-31,1192538.0
DST:ATYP032:ARBEJDSTIMER=TOTD:UDVALGTELØNMODTAGERE=IKKE:KØN=M:HERKOMST=10,2008-12-31,1049598.0
DST:ATYP032:ARBEJDSTIMER=TOTD:UDVALGTELØNMODTAGERE=IKKE:KØN=M:HERKOMST=10,2009-12-31,988499.0
DST:ATYP032:ARBEJDSTIMER=TOTD:UDVALGTELØNMODTAGERE=IKKE:KØN=M:HERKOMST=10,2010-12-31,981312.0
DST:ATYP032:ARBEJDSTIMER=TOTD:UDVALGTELØNMODTAGERE=IKKE:KØN=M:HERKOMST=10,2011-12-31,978591.0
DST:ATYP032:ARBEJDSTIMER=TOTD:UDVALGTELØNMODTAGERE=IKKE:KØN=M:HERKOMST=10,2012-12-31,967255.0
DST:ATYP032:ARBEJDSTIMER=TOTD:UDVALGTELØNMODTAGERE=IKKE:KØN=M:HERKOMST=10,2013-12-31,964761.0
DST:ATYP032:ARBEJDSTIMER=TOTD:UDVALGTELØNMODTAGERE=IKKE:KØN=M:HERKOMST=10,2014-12-31,972595.0
DST:ATYP032:ARBEJDSTIMER=TOTD:UDVALGTELØNMODTAGERE=IKKE:KØN=M:HERKOMST=10,2015-12-31,982675.0
DST:ATYP032:ARBEJDSTIMER=TOTD:UDVALGTELØNMODTAGERE=IKKE:KØN=M:HERKOMST=10,2016-12-31,998097.0
DST:ATYP032:ARBEJDSTIMER=TOTD:UDVALGTELØNMODTAGERE=IKKE:KØN=M:HERKOMST=10,2017-12-31,1005791.0
DST:ATYP032:ARBEJDSTIMER=TOTD:UDVALGTELØNMODTAGERE=IKKE:KØN=M:HERKOMST=10,2018-12-31,1014903.0
DST:ATYP032:ARBEJDSTIMER=TOTD:UDVALGTELØNMODTAGERE=IKKE:KØN=M:HERKOMST=10,2019-12-31,1022681.0
DST:ATYP032:ARBEJDSTIMER=TOTD:UDVALGTELØNMODTAGERE=IKKE:KØN=M:HERKOMST=10,2020-12-31,1019586.0
DST:ATYP032:ARBEJDSTIMER=TOTD:UDVALGTELØNMODTAGERE=IKKE:KØN=M:HERKOMST=10,2021-12-31,1050678.0
DST:ATYP032:ARBEJDSTIMER=TOTD:UDVALGTELØNMODTAGERE=IKKE:KØN=M:HERKOMST=10,2022-12-31,1065087.0
DST:ATYP032:ARBEJDSTIMER=TOTD:UDVALGTELØNMODTAGERE=IKKE:KØN=M:HERKOMST=10,2023-12-31,1066495.0
DST:ATYP032:ARBEJDSTIMER=TOTD:UDVALGTELØNMODTAGERE=IKKE:KØN=M:HERKOMST=10,2024-12-31,1063051.0
DST:ATYP032:ARBEJDSTIMER=TOTD:UDVALGTELØNMODTAGERE=IKKE:KØN=M:HERKOMST=24,2008-12-31,37811.0
DST:ATYP032:ARBEJDSTIMER=TOTD:UDVALGTELØNMODTAGERE=IKKE:KØN=M:HERKOMST=24,2009-12-31,36284.0
DST:ATYP032:ARBEJDSTIMER=TOTD:UDVALGTELØNMODTAGERE=IKKE:KØN=M:HERKOMST=24,2010-12-31,37449.0
DST:ATYP032:ARBEJDSTIMER=TOTD:UDVALGTELØNMODTAGERE=IKKE:KØN=M:HERKOMST=24,2011-12-31,40182.0
DST:ATYP032:ARBEJDSTIMER=TOTD:UDVALGTELØNMODTAGERE=IKKE:KØN=M:HERKOMST=24,2012-12-31,42720.0
DST:ATYP032:ARBEJDSTIMER=TOTD:UDVALGTELØNMODTAGERE=IKKE:KØN=M:HERKOMST=24,2013-12-31,45783.0
DST:ATYP032:ARBEJDSTIMER=TOTD:UDVALGTELØNMODTAGERE=IKKE:KØN=M:HERKOMST=24,2014-12-31,50532.0
DST:ATYP032:ARBEJDSTIMER=TOTD:UDVALGTELØNMODTAGERE=IKKE:KØN=M:HERKOMST=24,2015-12-31,56150.0
DST:ATYP032:ARBEJDSTIMER=TOTD:UDVALGTELØNMODTAGERE=IKKE:KØN=M:HERKOMST=24,2016-12-31,60570.0
DST:ATYP032:ARBEJDSTIMER=TOTD:UDVALGTELØNMODTAGERE=IKKE:KØN=M:HERKOMST=24,2017-12-31,64340.0
DST:ATYP032:ARBEJDSTIMER=TOTD:UDVALGTELØNMODTAGERE=IKKE:KØN=M:HERKOMST=24,2018-12-31,68346.0
DST:ATYP032:ARBEJDSTIMER=TOTD:UDVALGTELØNMODTAGERE=IKKE:KØN=M:HERKOMST=24,2019-12-31,70371.0
DST:ATYP032:ARBEJDSTIMER=TOTD:UDVALGTELØNMODTAGERE=IKKE:KØN=M:HERKOMST=24,2020-12-31,70441.0
DST:ATYP032:ARBEJDSTIMER=TOTD:UDVALGTELØNMODTAGERE=IKKE:KØN=M:HERKOMST=24,2021-12-31,78338.0
DST:ATYP032:ARBEJDSTIMER=TOTD:UDVALGTELØNMODTAGERE=IKKE:KØN=M:HERKOMST=24,2022-12-31,84632.0
DST:ATYP032:ARBEJDSTIMER=TOTD:UDVALGTELØNMODTAGERE=IKKE:KØN=M:HERKOMST=24,2023-12-31,87653.0
DST:ATYP032:ARBEJDSTIMER=TOTD:UDVALGTELØNMODTAGERE=IKKE:KØN=M:HERKOMST=24,2024-12-31,89044.0
DST:ATYP032:ARBEJDSTIMER=TOTD:UDVALGTELØNMODTAGERE=IKKE:KØN=M:HERKOMST=25,2008-12-31,49356.0
DST:ATYP032:ARBEJDSTIMER=TOTD:UDVALGTELØNMODTAGERE=IKKE:KØN=M:HERKOMST=25,2009-12-31,45277.0
DST:ATYP032:ARBEJDSTIMER=TOTD:UDVALGTELØNMODTAGERE=IKKE:KØN=M:HERKOMST=25,2010-12-31,44985.0
DST:ATYP032:ARBEJDSTIMER=TOTD:UDVALGTELØNMODTAGERE=IKKE:KØN=M:HERKOMST=25,2011-12-31,46060.0
DST:ATYP032:ARBEJDSTIMER=TOTD:UDVALGTELØNMODTAGERE=IKKE:KØN=M:HERKOMST=25,2012-12-31,46252.0
DST:ATYP032:ARBEJDSTIMER=TOTD:UDVALGTELØNMODTAGERE=IKKE:KØN=M:HERKOMST=25,2013-12-31,48458.0
DST:ATYP032:ARBEJDSTIMER=TOTD:UDVALGTELØNMODTAGERE=IKKE:KØN=M:HERKOMST=25,2014-12-31,51688.0
DST:ATYP032:ARBEJDSTIMER=TOTD:UDVALGTELØNMODTAGERE=IKKE:KØN=M:HERKOMST=25,2015-12-31,55812.0
DST:ATYP032:ARBEJDSTIMER=TOTD:UDVALGTELØNMODTAGERE=IKKE:KØN=M:HERKOMST=25,2016-12-31,62566.0
DST:ATYP032:ARBEJDSTIMER=TOTD:UDVALGTELØNMODTAGERE=IKKE:KØN=M:HERKOMST=25,2017-12-31,68750.0
DST:ATYP032:ARBEJDSTIMER=TOTD:UDVALGTELØNMODTAGERE=IKKE:KØN=M:HERKOMST=25,2018-12-31,74211.0
DST:ATYP032:ARBEJDSTIMER=TOTD:UDVALGTELØNMODTAGERE=IKKE:KØN=M:HERKOMST=25,2019-12-31,77988.0
DST:ATYP032:ARBEJDSTIMER=TOTD:UDVALGTELØNMODTAGERE=IKKE:KØN=M:HERKOMST=25,2020-12-31,77375.0
DST:ATYP032:ARBEJDSTIMER=TOTD:UDVALGTELØNMODTAGERE=IKKE:KØN=M:HERKOMST=25,2021-12-31,84739.0
DST:ATYP032:ARBEJDSTIMER=TOTD:UDVALGTELØNMODTAGERE=IKKE:KØN=M:HERKOMST=25,2022-12-31,92141.0
DST:ATYP032:ARBEJDSTIMER=TOTD:UDVALGTELØNMODTAGERE=IKKE:KØN=M:HERKOMST=25,2023-12-31,99940.0
DST:ATYP032:ARBEJDSTIMER=TOTD:UDVALGTELØNMODTAGERE=IKKE:KØN=M:HERKOMST=25,2024-12-31,107765.0
DST:ATYP032:ARBEJDSTIMER=TOTD:UDVALGTELØNMODTAGERE=IKKE:KØN=M:HERKOMST=34,2008-12-31,2368.0
DST:ATYP032:ARBEJDSTIMER=TOTD:UDVALGTELØNMODTAGERE=IKKE:KØN=M:HERKOMST=34,2009-12-31,2193.0
DST:ATYP032:ARBEJDSTIMER=TOTD:UDVALGTELØNMODTAGERE=IKKE:KØN=M:HERKOMST=34,2010-12-31,2179.0
DST:ATYP032:ARBEJDSTIMER=TOTD:UDVALGTELØNMODTAGERE=IKKE:KØN=M:HERKOMST=34,2011-12-31,2225.0
DST:ATYP032:ARBEJDSTIMER=TOTD:UDVALGTELØNMODTAGERE=IKKE:KØN=M:HERKOMST=34,2012-12-31,2228.0
DST:ATYP032:ARBEJDSTIMER=TOTD:UDVALGTELØNMODTAGERE=IKKE:KØN=M:HERKOMST=34,2013-12-31,2295.0
DST:ATYP032:ARBEJDSTIMER=TOTD:UDVALGTELØNMODTAGERE=IKKE:KØN=M:HERKOMST=34,2014-12-31,2406.0
DST:ATYP032:ARBEJDSTIMER=TOTD:UDVALGTELØNMODTAGERE=IKKE:KØN=M:HERKOMST=34,2015-12-31,2481.0
DST:ATYP032:ARBEJDSTIMER=TOTD:UDVALGTELØNMODTAGERE=IKKE:KØN=M:HERKOMST=34,2016-12-31,2568.0
DST:ATYP032:ARBEJDSTIMER=TOTD:UDVALGTELØNMODTAGERE=IKKE:KØN=M:HERKOMST=34,2017-12-31,2712.0
DST:ATYP032:ARBEJDSTIMER=TOTD:UDVALGTELØNMODTAGERE=IKKE:KØN=M:HERKOMST=34,2018-12-31,2795.0
DST:ATYP032:ARBEJDSTIMER=TOTD:UDVALGTELØNMODTAGERE=IKKE:KØN=M:HERKOMST=34,2019-12-31,2896.0
DST:ATYP032:ARBEJDSTIMER=TOTD:UDVALGTELØNMODTAGERE=IKKE:KØN=M:HERKOMST=34,2020-12-31,2915.0
DST:ATYP032:ARBEJDSTIMER=TOTD:UDVALGTELØNMODTAGERE=IKKE:KØN=M:HERKOMST=34,2021-12-31,3116.0
DST:ATYP032:ARBEJDSTIMER=TOTD:UDVALGTELØNMODTAGERE=IKKE:KØN=M:HERKOMST=34,2022-12-31,3436.0
DST:ATYP032:ARBEJDSTIMER=TOTD:UDVALGTELØNMODTAGERE=IKKE:KØN=M:HERKOMST=34,2023-12-31,3498.0
DST:ATYP032:ARBEJDSTIMER=TOTD:UDVALGTELØNMODTAGERE=IKKE:KØN=M:HERKOMST=34,2024-12-31,3528.0
DST:ATYP032:ARBEJDSTIMER=TOTD:UDVALGTELØNMODTAGERE=IKKE:KØN=M:HERKOMST=35,2008-12-31,5395.0
DST:ATYP032:ARBEJDSTIMER=TOTD:UDVALGTELØNMODTAGERE=IKKE:KØN=M:HERKOMST=35,2009-12-31,5273.0
DST:ATYP032:ARBEJDSTIMER=TOTD:UDVALGTELØNMODTAGERE=IKKE:KØN=M:HERKOMST=35,2010-12-31,5575.0
DST:ATYP032:ARBEJDSTIMER=TOTD:UDVALGTELØNMODTAGERE=IKKE:KØN=M:HERKOMST=35,2011-12-31,6134.0
DST:ATYP032:ARBEJDSTIMER=TOTD:UDVALGTELØNMODTAGERE=IKKE:KØN=M:HERKOMST=35,2012-12-31,6523.0
DST:ATYP032:ARBEJDSTIMER=TOTD:UDVALGTELØNMODTAGERE=IKKE:KØN=M:HERKOMST=35,2013-12-31,7235.0
DST:ATYP032:ARBEJDSTIMER=TOTD:UDVALGTELØNMODTAGERE=IKKE:KØN=M:HERKOMST=35,2014-12-31,8295.0
DST:ATYP032:ARBEJDSTIMER=TOTD:UDVALGTELØNMODTAGERE=IKKE:KØN=M:HERKOMST=35,2015-12-31,9539.0
DST:ATYP032:ARBEJDSTIMER=TOTD:UDVALGTELØNMODTAGERE=IKKE:KØN=M:HERKOMST=35,2016-12-31,10951.0
DST:ATYP032:ARBEJDSTIMER=TOTD:UDVALGTELØNMODTAGERE=IKKE:KØN=M:HERKOMST=35,2017-12-31,12187.0
DST:ATYP032:ARBEJDSTIMER=TOTD:UDVALGTELØNMODTAGERE=IKKE:KØN=M:HERKOMST=35,2018-12-31,13628.0
DST:ATYP032:ARBEJDSTIMER=TOTD:UDVALGTELØNMODTAGERE=IKKE:KØN=M:HERKOMST=35,2019-12-31,15277.0
DST:ATYP032:ARBEJDSTIMER=TOTD:UDVALGTELØNMODTAGERE=IKKE:KØN=M:HERKOMST=35,2020-12-31,16122.0
DST:ATYP032:ARBEJDSTIMER=TOTD:UDVALGTELØNMODTAGERE=IKKE:KØN=M:HERKOMST=35,2021-12-31,19427.0
DST:ATYP032:ARBEJDSTIMER=TOTD:UDVALGTELØNMODTAGERE=IKKE:KØN=M:HERKOMST=35,2022-12-31,21201.0
DST:ATYP032:ARBEJDSTIMER=TOTD:UDVALGTELØNMODTAGERE=IKKE:KØN=M:HERKOMST=35,2023-12-31,22610.0
DST:ATYP032:ARBEJDSTIMER=TOTD:UDVALGTELØNMODTAGERE=IKKE:KØN=M:HERKOMST=35,2024-12-31,24316.0
DST:ATYP032:ARBEJDSTIMER=TOTD:UDVALGTELØNMODTAGERE=IKKE:KØN=M:HERKOMST=TOTAL,2008-12-31,1144528.0
DST:ATYP032:ARBEJDSTIMER=TOTD:UDVALGTELØNMODTAGERE=IKKE:KØN=M:HERKOMST=TOTAL,2009-12-31,1077526.0
DST:ATYP032:ARBEJDSTIMER=TOTD:UDVALGTELØNMODTAGERE=IKKE:KØN=M:HERKOMST=TOTAL,2010-12-31,1071500.0
DST:ATYP032:ARBEJDSTIMER=TOTD:UDVALGTELØNMODTAGERE=IKKE:KØN=M:HERKOMST=TOTAL,2011-12-31,1073192.0
DST:ATYP032:ARBEJDSTIMER=TOTD:UDVALGTELØNMODTAGERE=IKKE:KØN=M:HERKOMST=TOTAL,2012-12-31,1064978.0
DST:ATYP032:ARBEJDSTIMER=TOTD:UDVALGTELØNMODTAGERE=IKKE:KØN=M:HERKOMST=TOTAL,2013-12-31,1068532.0
DST:ATYP032:ARBEJDSTIMER=TOTD:UDVALGTELØNMODTAGERE=IKKE:KØN=M:HERKOMST=TOTAL,2014-12-31,1085516.0
DST:ATYP032:ARBEJDSTIMER=TOTD:UDVALGTELØNMODTAGERE=IKKE:KØN=M:HERKOMST=TOTAL,2015-12-31,1106657.0
DST:ATYP032:ARBEJDSTIMER=TOTD:UDVALGTELØNMODTAGERE=IKKE:KØN=M:HERKOMST=TOTAL,2016-12-31,1134752.0
DST:ATYP032:ARBEJDSTIMER=TOTD:UDVALGTELØNMODTAGERE=IKKE:KØN=M:HERKOMST=TOTAL,2017-12-31,1153780.0
DST:ATYP032:ARBEJDSTIMER=TOTD:UDVALGTELØNMODTAGERE=IKKE:KØN=M:HERKOMST=TOTAL,2018-12-31,1173883.0
DST:ATYP032:ARBEJDSTIMER=TOTD:UDVALGTELØNMODTAGERE=IKKE:KØN=M:HERKOMST=TOTAL,2019-12-31,1189213.0
DST:ATYP032:ARBEJDSTIMER=TOTD:UDVALGTELØNMODTAGERE=IKKE:KØN=M:HERKOMST=TOTAL,2020-12-31,1186439.0
DST:ATYP032:ARBEJDSTIMER=TOTD:UDVALGTELØNMODTAGERE=IKKE:KØN=M:HERKOMST=TOTAL,2021-12-31,1236298.0
DST:ATYP032:ARBEJDSTIMER=TOTD:UDVALGTELØNMODTAGERE=IKKE:KØN=M:HERKOMST=TOTAL,2022-12-31,1266497.0
DST:ATYP032:ARBEJDSTIMER=TOTD:UDVALGTELØNMODTAGERE=IKKE:KØN=M:HERKOMST=TOTAL,2023-12-31,1280196.0
DST:ATYP032:ARBEJDSTIMER=TOTD:UDVALGTELØNMODTAGERE=IKKE:KØN=M:HERKOMST=TOTAL,2024-12-31,1287704.0
DST:ATYP032:ARBEJDSTIMER=TOTD:UDVALGTELØNMODTAGERE=TOTS:KØN=00:HERKOMST=10,2008-12-31,2419046.0
DST:ATYP032:ARBEJDSTIMER=TOTD:UDVALGTELØNMODTAGERE=TOTS:KØN=00:HERKOMST=10,2009-12-31,2312266.0
DST:ATYP032:ARBEJDSTIMER=TOTD:UDVALGTELØNMODTAGERE=TOTS:KØN=00:HERKOMST=10,2010-12-31,2290995.0
DST:ATYP032:ARBEJDSTIMER=TOTD:UDVALGTELØNMODTAGERE=TOTS:KØN=00:HERKOMST=10,2011-12-31,2278611.0
DST:ATYP032:ARBEJDSTIMER=TOTD:UDVALGTELØNMODTAGERE=TOTS:KØN=00:HERKOMST=10,2012-12-31,2260905.0
DST:ATYP032:ARBEJDSTIMER=TOTD:UDVALGTELØNMODTAGERE=TOTS:KØN=00:HERKOMST=10,2013-12-31,2259225.0
DST:ATYP032:ARBEJDSTIMER=TOTD:UDVALGTELØNMODTAGERE=TOTS:KØN=00:HERKOMST=10,2014-12-31,2268755.0
DST:ATYP032:ARBEJDSTIMER=TOTD:UDVALGTELØNMODTAGERE=TOTS:KØN=00:HERKOMST=10,2015-12-31,2287058.0
DST:ATYP032:ARBEJDSTIMER=TOTD:UDVALGTELØNMODTAGERE=TOTS:KØN=00:HERKOMST=10,2016-12-31,2311202.0
DST:ATYP032:ARBEJDSTIMER=TOTD:UDVALGTELØNMODTAGERE=TOTS:KØN=00:HERKOMST=10,2017-12-31,2331751.0
DST:ATYP032:ARBEJDSTIMER=TOTD:UDVALGTELØNMODTAGERE=TOTS:KØN=00:HERKOMST=10,2018-12-31,2356132.0
DST:ATYP032:ARBEJDSTIMER=TOTD:UDVALGTELØNMODTAGERE=TOTS:KØN=00:HERKOMST=10,2019-12-31,2367506.0
DST:ATYP032:ARBEJDSTIMER=TOTD:UDVALGTELØNMODTAGERE=TOTS:KØN=00:HERKOMST=10,2020-12-31,2350256.0
DST:ATYP032:ARBEJDSTIMER=TOTD:UDVALGTELØNMODTAGERE=TOTS:KØN=00:HERKOMST=10,2021-12-31,2429775.0
DST:ATYP032:ARBEJDSTIMER=TOTD:UDVALGTELØNMODTAGERE=TOTS:KØN=00:HERKOMST=10,2022-12-31,2453695.0
DST:ATYP032:ARBEJDSTIMER=TOTD:UDVALGTELØNMODTAGERE=TOTS:KØN=00:HERKOMST=10,2023-12-31,2457038.0
DST:ATYP032:ARBEJDSTIMER=TOTD:UDVALGTELØNMODTAGERE=TOTS:KØN=00:HERKOMST=10,2024-12-31,2461628.0
DST:ATYP032:ARBEJDSTIMER=TOTD:UDVALGTELØNMODTAGERE=TOTS:KØN=00:HERKOMST=24,2008-12-31,77582.0
DST:ATYP032:ARBEJDSTIMER=TOTD:UDVALGTELØNMODTAGERE=TOTS:KØN=00:HERKOMST=24,2009-12-31,76865.0
DST:ATYP032:ARBEJDSTIMER=TOTD:UDVALGTELØNMODTAGERE=TOTS:KØN=00:HERKOMST=24,2010-12-31,79819.0
DST:ATYP032:ARBEJDSTIMER=TOTD:UDVALGTELØNMODTAGERE=TOTS:KØN=00:HERKOMST=24,2011-12-31,84423.0
DST:ATYP032:ARBEJDSTIMER=TOTD:UDVALGTELØNMODTAGERE=TOTS:KØN=00:HERKOMST=24,2012-12-31,89109.0
DST:ATYP032:ARBEJDSTIMER=TOTD:UDVALGTELØNMODTAGERE=TOTS:KØN=00:HERKOMST=24,2013-12-31,95047.0
DST:ATYP032:ARBEJDSTIMER=TOTD:UDVALGTELØNMODTAGERE=TOTS:KØN=00:HERKOMST=24,2014-12-31,103454.0
DST:ATYP032:ARBEJDSTIMER=TOTD:UDVALGTELØNMODTAGERE=TOTS:KØN=00:HERKOMST=24,2015-12-31,113333.0
DST:ATYP032:ARBEJDSTIMER=TOTD:UDVALGTELØNMODTAGERE=TOTS:KØN=00:HERKOMST=24,2016-12-31,122029.0
DST:ATYP032:ARBEJDSTIMER=TOTD:UDVALGTELØNMODTAGERE=TOTS:KØN=00:HERKOMST=24,2017-12-31,130195.0
DST:ATYP032:ARBEJDSTIMER=TOTD:UDVALGTELØNMODTAGERE=TOTS:KØN=00:HERKOMST=24,2018-12-31,138047.0
DST:ATYP032:ARBEJDSTIMER=TOTD:UDVALGTELØNMODTAGERE=TOTS:KØN=00:HERKOMST=24,2019-12-31,142660.0
DST:ATYP032:ARBEJDSTIMER=TOTD:UDVALGTELØNMODTAGERE=TOTS:KØN=00:HERKOMST=24,2020-12-31,142766.0
DST:ATYP032:ARBEJDSTIMER=TOTD:UDVALGTELØNMODTAGERE=TOTS:KØN=00:HERKOMST=24,2021-12-31,159096.0
DST:ATYP032:ARBEJDSTIMER=TOTD:UDVALGTELØNMODTAGERE=TOTS:KØN=00:HERKOMST=24,2022-12-31,170245.0
DST:ATYP032:ARBEJDSTIMER=TOTD:UDVALGTELØNMODTAGERE=TOTS:KØN=00:HERKOMST=24,2023-12-31,175917.0
DST:ATYP032:ARBEJDSTIMER=TOTD:UDVALGTELØNMODTAGERE=TOTS:KØN=00:HERKOMST=24,2024-12-31,180209.0
DST:ATYP032:ARBEJDSTIMER=TOTD:UDVALGTELØNMODTAGERE=TOTS:KØN=00:HERKOMST=25,2008-12-31,111842.0
DST:ATYP032:ARBEJDSTIMER=TOTD:UDVALGTELØNMODTAGERE=TOTS:KØN=00:HERKOMST=25,2009-12-31,105544.0
DST:ATYP032:ARBEJDSTIMER=TOTD:UDVALGTELØNMODTAGERE=TOTS:KØN=00:HERKOMST=25,2010-12-31,104621.0
DST:ATYP032:ARBEJDSTIMER=TOTD:UDVALGTELØNMODTAGERE=TOTS:KØN=00:HERKOMST=25,2011-12-31,106178.0
DST:ATYP032:ARBEJDSTIMER=TOTD:UDVALGTELØNMODTAGERE=TOTS:KØN=00:HERKOMST=25,2012-12-31,106395.0
DST:ATYP032:ARBEJDSTIMER=TOTD:UDVALGTELØNMODTAGERE=TOTS:KØN=00:HERKOMST=25,2013-12-31,109528.0
DST:ATYP032:ARBEJDSTIMER=TOTD:UDVALGTELØNMODTAGERE=TOTS:KØN=00:HERKOMST=25,2014-12-31,115021.0
DST:ATYP032:ARBEJDSTIMER=TOTD:UDVALGTELØNMODTAGERE=TOTS:KØN=00:HERKOMST=25,2015-12-31,121869.0
DST:ATYP032:ARBEJDSTIMER=TOTD:UDVALGTELØNMODTAGERE=TOTS:KØN=00:HERKOMST=25,2016-12-31,132375.0
DST:ATYP032:ARBEJDSTIMER=TOTD:UDVALGTELØNMODTAGERE=TOTS:KØN=00:HERKOMST=25,2017-12-31,143473.0
DST:ATYP032:ARBEJDSTIMER=TOTD:UDVALGTELØNMODTAGERE=TOTS:KØN=00:HERKOMST=25,2018-12-31,154676.0
DST:ATYP032:ARBEJDSTIMER=TOTD:UDVALGTELØNMODTAGERE=TOTS:KØN=00:HERKOMST=25,2019-12-31,163814.0
DST:ATYP032:ARBEJDSTIMER=TOTD:UDVALGTELØNMODTAGERE=TOTS:KØN=00:HERKOMST=25,2020-12-31,164692.0
DST:ATYP032:ARBEJDSTIMER=TOTD:UDVALGTELØNMODTAGERE=TOTS:KØN=00:HERKOMST=25,2021-12-31,182509.0
DST:ATYP032:ARBEJDSTIMER=TOTD:UDVALGTELØNMODTAGERE=TOTS:KØN=00:HERKOMST=25,2022-12-31,201757.0
DST:ATYP032:ARBEJDSTIMER=TOTD:UDVALGTELØNMODTAGERE=TOTS:KØN=00:HERKOMST=25,2023-12-31,217663.0
DST:ATYP032:ARBEJDSTIMER=TOTD:UDVALGTELØNMODTAGERE=TOTS:KØN=00:HERKOMST=25,2024-12-31,232659.0
DST:ATYP032:ARBEJDSTIMER=TOTD:UDVALGTELØNMODTAGERE=TOTS:KØN=00:HERKOMST=34,2008-12-31,5697.0
DST:ATYP032:ARBEJDSTIMER=TOTD:UDVALGTELØNMODTAGERE=TOTS:KØN=00:HERKOMST=34,2009-12-31,5426.0
DST:ATYP032:ARBEJDSTIMER=TOTD:UDVALGTELØNMODTAGERE=TOTS:KØN=00:HERKOMST=34,2010-12-31,5424.0
DST:ATYP032:ARBEJDSTIMER=TOTD:UDVALGTELØNMODTAGERE=TOTS:KØN=00:HERKOMST=34,2011-12-31,5614.0
DST:ATYP032:ARBEJDSTIMER=TOTD:UDVALGTELØNMODTAGERE=TOTS:KØN=00:HERKOMST=34,2012-12-31,5687.0
DST:ATYP032:ARBEJDSTIMER=TOTD:UDVALGTELØNMODTAGERE=TOTS:KØN=00:HERKOMST=34,2013-12-31,5827.0
DST:ATYP032:ARBEJDSTIMER=TOTD:UDVALGTELØNMODTAGERE=TOTS:KØN=00:HERKOMST=34,2014-12-31,6069.0
DST:ATYP032:ARBEJDSTIMER=TOTD:UDVALGTELØNMODTAGERE=TOTS:KØN=00:HERKOMST=34,2015-12-31,6305.0
DST:ATYP032:ARBEJDSTIMER=TOTD:UDVALGTELØNMODTAGERE=TOTS:KØN=00:HERKOMST=34,2016-12-31,6559.0
DST:ATYP032:ARBEJDSTIMER=TOTD:UDVALGTELØNMODTAGERE=TOTS:KØN=00:HERKOMST=34,2017-12-31,6869.0
DST:ATYP032:ARBEJDSTIMER=TOTD:UDVALGTELØNMODTAGERE=TOTS:KØN=00:HERKOMST=34,2018-12-31,7110.0
DST:ATYP032:ARBEJDSTIMER=TOTD:UDVALGTELØNMODTAGERE=TOTS:KØN=00:HERKOMST=34,2019-12-31,7365.0
DST:ATYP032:ARBEJDSTIMER=TOTD:UDVALGTELØNMODTAGERE=TOTS:KØN=00:HERKOMST=34,2020-12-31,7399.0
DST:ATYP032:ARBEJDSTIMER=TOTD:UDVALGTELØNMODTAGERE=TOTS:KØN=00:HERKOMST=34,2021-12-31,8087.0
DST:ATYP032:ARBEJDSTIMER=TOTD:UDVALGTELØNMODTAGERE=TOTS:KØN=00:HERKOMST=34,2022-12-31,8708.0
DST:ATYP032:ARBEJDSTIMER=TOTD:UDVALGTELØNMODTAGERE=TOTS:KØN=00:HERKOMST=34,2023-12-31,9052.0
DST:ATYP032:ARBEJDSTIMER=TOTD:UDVALGTELØNMODTAGERE=TOTS:KØN=00:HERKOMST=34,2024-12-31,9406.0
DST:ATYP032:ARBEJDSTIMER=TOTD:UDVALGTELØNMODTAGERE=TOTS:KØN=00:HERKOMST=35,2008-12-31,21277.0
DST:ATYP032:ARBEJDSTIMER=TOTD:UDVALGTELØNMODTAGERE=TOTS:KØN=00:HERKOMST=35,2009-12-31,20855.0
DST:ATYP032:ARBEJDSTIMER=TOTD:UDVALGTELØNMODTAGERE=TOTS:KØN=00:HERKOMST=35,2010-12-31,22075.0
DST:ATYP032:ARBEJDSTIMER=TOTD:UDVALGTELØNMODTAGERE=TOTS:KØN=00:HERKOMST=35,2011-12-31,23703.0
DST:ATYP032:ARBEJDSTIMER=TOTD:UDVALGTELØNMODTAGERE=TOTS:KØN=00:HERKOMST=35,2012-12-31,25306.0
DST:ATYP032:ARBEJDSTIMER=TOTD:UDVALGTELØNMODTAGERE=TOTS:KØN=00:HERKOMST=35,2013-12-31,27585.0
DST:ATYP032:ARBEJDSTIMER=TOTD:UDVALGTELØNMODTAGERE=TOTS:KØN=00:HERKOMST=35,2014-12-31,30333.0
DST:ATYP032:ARBEJDSTIMER=TOTD:UDVALGTELØNMODTAGERE=TOTS:KØN=00:HERKOMST=35,2015-12-31,34166.0
DST:ATYP032:ARBEJDSTIMER=TOTD:UDVALGTELØNMODTAGERE=TOTS:KØN=00:HERKOMST=35,2016-12-31,37743.0
DST:ATYP032:ARBEJDSTIMER=TOTD:UDVALGTELØNMODTAGERE=TOTS:KØN=00:HERKOMST=35,2017-12-31,41909.0
DST:ATYP032:ARBEJDSTIMER=TOTD:UDVALGTELØNMODTAGERE=TOTS:KØN=00:HERKOMST=35,2018-12-31,46135.0
DST:ATYP032:ARBEJDSTIMER=TOTD:UDVALGTELØNMODTAGERE=TOTS:KØN=00:HERKOMST=35,2019-12-31,50358.0
DST:ATYP032:ARBEJDSTIMER=TOTD:UDVALGTELØNMODTAGERE=TOTS:KØN=00:HERKOMST=35,2020-12-31,53039.0
DST:ATYP032:ARBEJDSTIMER=TOTD:UDVALGTELØNMODTAGERE=TOTS:KØN=00:HERKOMST=35,2021-12-31,62750.0
DST:ATYP032:ARBEJDSTIMER=TOTD:UDVALGTELØNMODTAGERE=TOTS:KØN=00:HERKOMST=35,2022-12-31,66703.0
DST:ATYP032:ARBEJDSTIMER=TOTD:UDVALGTELØNMODTAGERE=TOTS:KØN=00:HERKOMST=35,2023-12-31,69249.0
DST:ATYP032:ARBEJDSTIMER=TOTD:UDVALGTELØNMODTAGERE=TOTS:KØN=00:HERKOMST=35,2024-12-31,72038.0
DST:ATYP032:ARBEJDSTIMER=TOTD:UDVALGTELØNMODTAGERE=TOTS:KØN=00:HERKOMST=TOTAL,2008-12-31,2635444.0
DST:ATYP032:ARBEJDSTIMER=TOTD:UDVALGTELØNMODTAGERE=TOTS:KØN=00:HERKOMST=TOTAL,2009-12-31,2520956.0
DST:ATYP032:ARBEJDSTIMER=TOTD:UDVALGTELØNMODTAGERE=TOTS:KØN=00:HERKOMST=TOTAL,2010-12-31,2502934.0
DST:ATYP032:ARBEJDSTIMER=TOTD:UDVALGTELØNMODTAGERE=TOTS:KØN=00:HERKOMST=TOTAL,2011-12-31,2498529.0
DST:ATYP032:ARBEJDSTIMER=TOTD:UDVALGTELØNMODTAGERE=TOTS:KØN=00:HERKOMST=TOTAL,2012-12-31,2487402.0
DST:ATYP032:ARBEJDSTIMER=TOTD:UDVALGTELØNMODTAGERE=TOTS:KØN=00:HERKOMST=TOTAL,2013-12-31,2497212.0
DST:ATYP032:ARBEJDSTIMER=TOTD:UDVALGTELØNMODTAGERE=TOTS:KØN=00:HERKOMST=TOTAL,2014-12-31,2523632.0
DST:ATYP032:ARBEJDSTIMER=TOTD:UDVALGTELØNMODTAGERE=TOTS:KØN=00:HERKOMST=TOTAL,2015-12-31,2562731.0
DST:ATYP032:ARBEJDSTIMER=TOTD:UDVALGTELØNMODTAGERE=TOTS:KØN=00:HERKOMST=TOTAL,2016-12-31,2609908.0
DST:ATYP032:ARBEJDSTIMER=TOTD:UDVALGTELØNMODTAGERE=TOTS:KØN=00:HERKOMST=TOTAL,2017-12-31,2654197.0
DST:ATYP032:ARBEJDSTIMER=TOTD:UDVALGTELØNMODTAGERE=TOTS:KØN=00:HERKOMST=TOTAL,2018-12-31,2702100.0
DST:ATYP032:ARBEJDSTIMER=TOTD:UDVALGTELØNMODTAGERE=TOTS:KØN=00:HERKOMST=TOTAL,2019-12-31,2731703.0
DST:ATYP032:ARBEJDSTIMER=TOTD:UDVALGTELØNMODTAGERE=TOTS:KØN=00:HERKOMST=TOTAL,2020-12-31,2718152.0
DST:ATYP032:ARBEJDSTIMER=TOTD:UDVALGTELØNMODTAGERE=TOTS:KØN=00:HERKOMST=TOTAL,2021-12-31,2842217.0
DST:ATYP032:ARBEJDSTIMER=TOTD:UDVALGTELØNMODTAGERE=TOTS:KØN=00:HERKOMST=TOTAL,2022-12-31,2901108.0
DST:ATYP032:ARBEJDSTIMER=TOTD:UDVALGTELØNMODTAGERE=TOTS:KØN=00:HERKOMST=TOTAL,2023-12-31,2928919.0
DST:ATYP032:ARBEJDSTIMER=TOTD:UDVALGTELØNMODTAGERE=TOTS:KØN=00:HERKOMST=TOTAL,2024-12-31,2955940.0
DST:ATYP032:ARBEJDSTIMER=TOTD:UDVALGTELØNMODTAGERE=TOTS:KØN=K:HERKOMST=10,2008-12-31,1187317.0
DST:ATYP032:ARBEJDSTIMER=TOTD:UDVALGTELØNMODTAGERE=TOTS:KØN=K:HERKOMST=10,2009-12-31,1153223.0
DST:ATYP032:ARBEJDSTIMER=TOTD:UDVALGTELØNMODTAGERE=TOTS:KØN=K:HERKOMST=10,2010-12-31,1137337.0
DST:ATYP032:ARBEJDSTIMER=TOTD:UDVALGTELØNMODTAGERE=TOTS:KØN=K:HERKOMST=10,2011-12-31,1122186.0
DST:ATYP032:ARBEJDSTIMER=TOTD:UDVALGTELØNMODTAGERE=TOTS:KØN=K:HERKOMST=10,2012-12-31,1112584.0
DST:ATYP032:ARBEJDSTIMER=TOTD:UDVALGTELØNMODTAGERE=TOTS:KØN=K:HERKOMST=10,2013-12-31,1111252.0
DST:ATYP032:ARBEJDSTIMER=TOTD:UDVALGTELØNMODTAGERE=TOTS:KØN=K:HERKOMST=10,2014-12-31,1113199.0
DST:ATYP032:ARBEJDSTIMER=TOTD:UDVALGTELØNMODTAGERE=TOTS:KØN=K:HERKOMST=10,2015-12-31,1119079.0
DST:ATYP032:ARBEJDSTIMER=TOTD:UDVALGTELØNMODTAGERE=TOTS:KØN=K:HERKOMST=10,2016-12-31,1127912.0
DST:ATYP032:ARBEJDSTIMER=TOTD:UDVALGTELØNMODTAGERE=TOTS:KØN=K:HERKOMST=10,2017-12-31,1137114.0
DST:ATYP032:ARBEJDSTIMER=TOTD:UDVALGTELØNMODTAGERE=TOTS:KØN=K:HERKOMST=10,2018-12-31,1148817.0
DST:ATYP032:ARBEJDSTIMER=TOTD:UDVALGTELØNMODTAGERE=TOTS:KØN=K:HERKOMST=10,2019-12-31,1153852.0
DST:ATYP032:ARBEJDSTIMER=TOTD:UDVALGTELØNMODTAGERE=TOTS:KØN=K:HERKOMST=10,2020-12-31,1144958.0
DST:ATYP032:ARBEJDSTIMER=TOTD:UDVALGTELØNMODTAGERE=TOTS:KØN=K:HERKOMST=10,2021-12-31,1182027.0
DST:ATYP032:ARBEJDSTIMER=TOTD:UDVALGTELØNMODTAGERE=TOTS:KØN=K:HERKOMST=10,2022-12-31,1191961.0
DST:ATYP032:ARBEJDSTIMER=TOTD:UDVALGTELØNMODTAGERE=TOTS:KØN=K:HERKOMST=10,2023-12-31,1191813.0
DST:ATYP032:ARBEJDSTIMER=TOTD:UDVALGTELØNMODTAGERE=TOTS:KØN=K:HERKOMST=10,2024-12-31,1191987.0
DST:ATYP032:ARBEJDSTIMER=TOTD:UDVALGTELØNMODTAGERE=TOTS:KØN=K:HERKOMST=24,2008-12-31,36208.0
DST:ATYP032:ARBEJDSTIMER=TOTD:UDVALGTELØNMODTAGERE=TOTS:KØN=K:HERKOMST=24,2009-12-31,36814.0
DST:ATYP032:ARBEJDSTIMER=TOTD:UDVALGTELØNMODTAGERE=TOTS:KØN=K:HERKOMST=24,2010-12-31,38033.0
DST:ATYP032:ARBEJDSTIMER=TOTD:UDVALGTELØNMODTAGERE=TOTS:KØN=K:HERKOMST=24,2011-12-31,39379.0
DST:ATYP032:ARBEJDSTIMER=TOTD:UDVALGTELØNMODTAGERE=TOTS:KØN=K:HERKOMST=24,2012-12-31,41074.0
DST:ATYP032:ARBEJDSTIMER=TOTD:UDVALGTELØNMODTAGERE=TOTS:KØN=K:HERKOMST=24,2013-12-31,43531.0
DST:ATYP032:ARBEJDSTIMER=TOTD:UDVALGTELØNMODTAGERE=TOTS:KØN=K:HERKOMST=24,2014-12-31,46547.0
DST:ATYP032:ARBEJDSTIMER=TOTD:UDVALGTELØNMODTAGERE=TOTS:KØN=K:HERKOMST=24,2015-12-31,50085.0
DST:ATYP032:ARBEJDSTIMER=TOTD:UDVALGTELØNMODTAGERE=TOTS:KØN=K:HERKOMST=24,2016-12-31,54053.0
DST:ATYP032:ARBEJDSTIMER=TOTD:UDVALGTELØNMODTAGERE=TOTS:KØN=K:HERKOMST=24,2017-12-31,57732.0
DST:ATYP032:ARBEJDSTIMER=TOTD:UDVALGTELØNMODTAGERE=TOTS:KØN=K:HERKOMST=24,2018-12-31,61505.0
DST:ATYP032:ARBEJDSTIMER=TOTD:UDVALGTELØNMODTAGERE=TOTS:KØN=K:HERKOMST=24,2019-12-31,64232.0
DST:ATYP032:ARBEJDSTIMER=TOTD:UDVALGTELØNMODTAGERE=TOTS:KØN=K:HERKOMST=24,2020-12-31,64745.0
DST:ATYP032:ARBEJDSTIMER=TOTD:UDVALGTELØNMODTAGERE=TOTS:KØN=K:HERKOMST=24,2021-12-31,72289.0
DST:ATYP032:ARBEJDSTIMER=TOTD:UDVALGTELØNMODTAGERE=TOTS:KØN=K:HERKOMST=24,2022-12-31,77488.0
DST:ATYP032:ARBEJDSTIMER=TOTD:UDVALGTELØNMODTAGERE=TOTS:KØN=K:HERKOMST=24,2023-12-31,80359.0
DST:ATYP032:ARBEJDSTIMER=TOTD:UDVALGTELØNMODTAGERE=TOTS:KØN=K:HERKOMST=24,2024-12-31,82936.0
DST:ATYP032:ARBEJDSTIMER=TOTD:UDVALGTELØNMODTAGERE=TOTS:KØN=K:HERKOMST=25,2008-12-31,54221.0
DST:ATYP032:ARBEJDSTIMER=TOTD:UDVALGTELØNMODTAGERE=TOTS:KØN=K:HERKOMST=25,2009-12-31,52937.0
DST:ATYP032:ARBEJDSTIMER=TOTD:UDVALGTELØNMODTAGERE=TOTS:KØN=K:HERKOMST=25,2010-12-31,52651.0
DST:ATYP032:ARBEJDSTIMER=TOTD:UDVALGTELØNMODTAGERE=TOTS:KØN=K:HERKOMST=25,2011-12-31,53143.0
DST:ATYP032:ARBEJDSTIMER=TOTD:UDVALGTELØNMODTAGERE=TOTS:KØN=K:HERKOMST=25,2012-12-31,53263.0
DST:ATYP032:ARBEJDSTIMER=TOTD:UDVALGTELØNMODTAGERE=TOTS:KØN=K:HERKOMST=25,2013-12-31,54381.0
DST:ATYP032:ARBEJDSTIMER=TOTD:UDVALGTELØNMODTAGERE=TOTS:KØN=K:HERKOMST=25,2014-12-31,56784.0
DST:ATYP032:ARBEJDSTIMER=TOTD:UDVALGTELØNMODTAGERE=TOTS:KØN=K:HERKOMST=25,2015-12-31,59457.0
DST:ATYP032:ARBEJDSTIMER=TOTD:UDVALGTELØNMODTAGERE=TOTS:KØN=K:HERKOMST=25,2016-12-31,63299.0
DST:ATYP032:ARBEJDSTIMER=TOTD:UDVALGTELØNMODTAGERE=TOTS:KØN=K:HERKOMST=25,2017-12-31,67930.0
DST:ATYP032:ARBEJDSTIMER=TOTD:UDVALGTELØNMODTAGERE=TOTS:KØN=K:HERKOMST=25,2018-12-31,73096.0
DST:ATYP032:ARBEJDSTIMER=TOTD:UDVALGTELØNMODTAGERE=TOTS:KØN=K:HERKOMST=25,2019-12-31,77836.0
DST:ATYP032:ARBEJDSTIMER=TOTD:UDVALGTELØNMODTAGERE=TOTS:KØN=K:HERKOMST=25,2020-12-31,78927.0
DST:ATYP032:ARBEJDSTIMER=TOTD:UDVALGTELØNMODTAGERE=TOTS:KØN=K:HERKOMST=25,2021-12-31,88205.0
DST:ATYP032:ARBEJDSTIMER=TOTD:UDVALGTELØNMODTAGERE=TOTS:KØN=K:HERKOMST=25,2022-12-31,99726.0
DST:ATYP032:ARBEJDSTIMER=TOTD:UDVALGTELØNMODTAGERE=TOTS:KØN=K:HERKOMST=25,2023-12-31,107347.0
DST:ATYP032:ARBEJDSTIMER=TOTD:UDVALGTELØNMODTAGERE=TOTS:KØN=K:HERKOMST=25,2024-12-31,113752.0
DST:ATYP032:ARBEJDSTIMER=TOTD:UDVALGTELØNMODTAGERE=TOTS:KØN=K:HERKOMST=34,2008-12-31,2718.0
DST:ATYP032:ARBEJDSTIMER=TOTD:UDVALGTELØNMODTAGERE=TOTS:KØN=K:HERKOMST=34,2009-12-31,2639.0
DST:ATYP032:ARBEJDSTIMER=TOTD:UDVALGTELØNMODTAGERE=TOTS:KØN=K:HERKOMST=34,2010-12-31,2697.0
DST:ATYP032:ARBEJDSTIMER=TOTD:UDVALGTELØNMODTAGERE=TOTS:KØN=K:HERKOMST=34,2011-12-31,2775.0
DST:ATYP032:ARBEJDSTIMER=TOTD:UDVALGTELØNMODTAGERE=TOTS:KØN=K:HERKOMST=34,2012-12-31,2843.0
DST:ATYP032:ARBEJDSTIMER=TOTD:UDVALGTELØNMODTAGERE=TOTS:KØN=K:HERKOMST=34,2013-12-31,2900.0
DST:ATYP032:ARBEJDSTIMER=TOTD:UDVALGTELØNMODTAGERE=TOTS:KØN=K:HERKOMST=34,2014-12-31,2985.0
DST:ATYP032:ARBEJDSTIMER=TOTD:UDVALGTELØNMODTAGERE=TOTS:KØN=K:HERKOMST=34,2015-12-31,3123.0
DST:ATYP032:ARBEJDSTIMER=TOTD:UDVALGTELØNMODTAGERE=TOTS:KØN=K:HERKOMST=34,2016-12-31,3243.0
DST:ATYP032:ARBEJDSTIMER=TOTD:UDVALGTELØNMODTAGERE=TOTS:KØN=K:HERKOMST=34,2017-12-31,3414.0
DST:ATYP032:ARBEJDSTIMER=TOTD:UDVALGTELØNMODTAGERE=TOTS:KØN=K:HERKOMST=34,2018-12-31,3506.0
DST:ATYP032:ARBEJDSTIMER=TOTD:UDVALGTELØNMODTAGERE=TOTS:KØN=K:HERKOMST=34,2019-12-31,3636.0
DST:ATYP032:ARBEJDSTIMER=TOTD:UDVALGTELØNMODTAGERE=TOTS:KØN=K:HERKOMST=34,2020-12-31,3618.0
DST:ATYP032:ARBEJDSTIMER=TOTD:UDVALGTELØNMODTAGERE=TOTS:KØN=K:HERKOMST=34,2021-12-31,3969.0
DST:ATYP032:ARBEJDSTIMER=TOTD:UDVALGTELØNMODTAGERE=TOTS:KØN=K:HERKOMST=34,2022-12-31,4204.0
DST:ATYP032:ARBEJDSTIMER=TOTD:UDVALGTELØNMODTAGERE=TOTS:KØN=K:HERKOMST=34,2023-12-31,4382.0
DST:ATYP032:ARBEJDSTIMER=TOTD:UDVALGTELØNMODTAGERE=TOTS:KØN=K:HERKOMST=34,2024-12-31,4594.0
DST:ATYP032:ARBEJDSTIMER=TOTD:UDVALGTELØNMODTAGERE=TOTS:KØN=K:HERKOMST=35,2008-12-31,10567.0
DST:ATYP032:ARBEJDSTIMER=TOTD:UDVALGTELØNMODTAGERE=TOTS:KØN=K:HERKOMST=35,2009-12-31,10632.0
DST:ATYP032:ARBEJDSTIMER=TOTD:UDVALGTELØNMODTAGERE=TOTS:KØN=K:HERKOMST=35,2010-12-31,11191.0
DST:ATYP032:ARBEJDSTIMER=TOTD:UDVALGTELØNMODTAGERE=TOTS:KØN=K:HERKOMST=35,2011-12-31,11907.0
DST:ATYP032:ARBEJDSTIMER=TOTD:UDVALGTELØNMODTAGERE=TOTS:KØN=K:HERKOMST=35,2012-12-31,12652.0
DST:ATYP032:ARBEJDSTIMER=TOTD:UDVALGTELØNMODTAGERE=TOTS:KØN=K:HERKOMST=35,2013-12-31,13806.0
DST:ATYP032:ARBEJDSTIMER=TOTD:UDVALGTELØNMODTAGERE=TOTS:KØN=K:HERKOMST=35,2014-12-31,15123.0
DST:ATYP032:ARBEJDSTIMER=TOTD:UDVALGTELØNMODTAGERE=TOTS:KØN=K:HERKOMST=35,2015-12-31,17039.0
DST:ATYP032:ARBEJDSTIMER=TOTD:UDVALGTELØNMODTAGERE=TOTS:KØN=K:HERKOMST=35,2016-12-31,18787.0
DST:ATYP032:ARBEJDSTIMER=TOTD:UDVALGTELØNMODTAGERE=TOTS:KØN=K:HERKOMST=35,2017-12-31,21029.0
DST:ATYP032:ARBEJDSTIMER=TOTD:UDVALGTELØNMODTAGERE=TOTS:KØN=K:HERKOMST=35,2018-12-31,23316.0
DST:ATYP032:ARBEJDSTIMER=TOTD:UDVALGTELØNMODTAGERE=TOTS:KØN=K:HERKOMST=35,2019-12-31,25479.0
DST:ATYP032:ARBEJDSTIMER=TOTD:UDVALGTELØNMODTAGERE=TOTS:KØN=K:HERKOMST=35,2020-12-31,27023.0
DST:ATYP032:ARBEJDSTIMER=TOTD:UDVALGTELØNMODTAGERE=TOTS:KØN=K:HERKOMST=35,2021-12-31,31810.0
DST:ATYP032:ARBEJDSTIMER=TOTD:UDVALGTELØNMODTAGERE=TOTS:KØN=K:HERKOMST=35,2022-12-31,33819.0
DST:ATYP032:ARBEJDSTIMER=TOTD:UDVALGTELØNMODTAGERE=TOTS:KØN=K:HERKOMST=35,2023-12-31,35100.0
DST:ATYP032:ARBEJDSTIMER=TOTD:UDVALGTELØNMODTAGERE=TOTS:KØN=K:HERKOMST=35,2024-12-31,36434.0
DST:ATYP032:ARBEJDSTIMER=TOTD:UDVALGTELØNMODTAGERE=TOTS:KØN=K:HERKOMST=TOTAL,2008-12-31,1291031.0
DST:ATYP032:ARBEJDSTIMER=TOTD:UDVALGTELØNMODTAGERE=TOTS:KØN=K:HERKOMST=TOTAL,2009-12-31,1256245.0
DST:ATYP032:ARBEJDSTIMER=TOTD:UDVALGTELØNMODTAGERE=TOTS:KØN=K:HERKOMST=TOTAL,2010-12-31,1241909.0
DST:ATYP032:ARBEJDSTIMER=TOTD:UDVALGTELØNMODTAGERE=TOTS:KØN=K:HERKOMST=TOTAL,2011-12-31,1229390.0
DST:ATYP032:ARBEJDSTIMER=TOTD:UDVALGTELØNMODTAGERE=TOTS:KØN=K:HERKOMST=TOTAL,2012-12-31,1222416.0
DST:ATYP032:ARBEJDSTIMER=TOTD:UDVALGTELØNMODTAGERE=TOTS:KØN=K:HERKOMST=TOTAL,2013-12-31,1225870.0
DST:ATYP032:ARBEJDSTIMER=TOTD:UDVALGTELØNMODTAGERE=TOTS:KØN=K:HERKOMST=TOTAL,2014-12-31,1234638.0
DST:ATYP032:ARBEJDSTIMER=TOTD:UDVALGTELØNMODTAGERE=TOTS:KØN=K:HERKOMST=TOTAL,2015-12-31,1248783.0
DST:ATYP032:ARBEJDSTIMER=TOTD:UDVALGTELØNMODTAGERE=TOTS:KØN=K:HERKOMST=TOTAL,2016-12-31,1267294.0
DST:ATYP032:ARBEJDSTIMER=TOTD:UDVALGTELØNMODTAGERE=TOTS:KØN=K:HERKOMST=TOTAL,2017-12-31,1287219.0
DST:ATYP032:ARBEJDSTIMER=TOTD:UDVALGTELØNMODTAGERE=TOTS:KØN=K:HERKOMST=TOTAL,2018-12-31,1310240.0
DST:ATYP032:ARBEJDSTIMER=TOTD:UDVALGTELØNMODTAGERE=TOTS:KØN=K:HERKOMST=TOTAL,2019-12-31,1325035.0
DST:ATYP032:ARBEJDSTIMER=TOTD:UDVALGTELØNMODTAGERE=TOTS:KØN=K:HERKOMST=TOTAL,2020-12-31,1319271.0
DST:ATYP032:ARBEJDSTIMER=TOTD:UDVALGTELØNMODTAGERE=TOTS:KØN=K:HERKOMST=TOTAL,2021-12-31,1378300.0
DST:ATYP032:ARBEJDSTIMER=TOTD:UDVALGTELØNMODTAGERE=TOTS:KØN=K:HERKOMST=TOTAL,2022-12-31,1407198.0
DST:ATYP032:ARBEJDSTIMER=TOTD:UDVALGTELØNMODTAGERE=TOTS:KØN=K:HERKOMST=TOTAL,2023-12-31,1419001.0
DST:ATYP032:ARBEJDSTIMER=TOTD:UDVALGTELØNMODTAGERE=TOTS:KØN=K:HERKOMST=TOTAL,2024-12-31,1429703.0
DST:ATYP032:ARBEJDSTIMER=TOTD:UDVALGTELØNMODTAGERE=TOTS:KØN=M:HERKOMST=10,2008-12-31,1231729.0
DST:ATYP032:ARBEJDSTIMER=TOTD:UDVALGTELØNMODTAGERE=TOTS:KØN=M:HERKOMST=10,2009-12-31,1159043.0
DST:ATYP032:ARBEJDSTIMER=TOTD:UDVALGTELØNMODTAGERE=TOTS:KØN=M:HERKOMST=10,2010-12-31,1153658.0
DST:ATYP032:ARBEJDSTIMER=TOTD:UDVALGTELØNMODTAGERE=TOTS:KØN=M:HERKOMST=10,2011-12-31,1156425.0
DST:ATYP032:ARBEJDSTIMER=TOTD:UDVALGTELØNMODTAGERE=TOTS:KØN=M:HERKOMST=10,2012-12-31,1148321.0
DST:ATYP032:ARBEJDSTIMER=TOTD:UDVALGTELØNMODTAGERE=TOTS:KØN=M:HERKOMST=10,2013-12-31,1147973.0
DST:ATYP032:ARBEJDSTIMER=TOTD:UDVALGTELØNMODTAGERE=TOTS:KØN=M:HERKOMST=10,2014-12-31,1155556.0
DST:ATYP032:ARBEJDSTIMER=TOTD:UDVALGTELØNMODTAGERE=TOTS:KØN=M:HERKOMST=10,2015-12-31,1167979.0
DST:ATYP032:ARBEJDSTIMER=TOTD:UDVALGTELØNMODTAGERE=TOTS:KØN=M:HERKOMST=10,2016-12-31,1183290.0
DST:ATYP032:ARBEJDSTIMER=TOTD:UDVALGTELØNMODTAGERE=TOTS:KØN=M:HERKOMST=10,2017-12-31,1194637.0
DST:ATYP032:ARBEJDSTIMER=TOTD:UDVALGTELØNMODTAGERE=TOTS:KØN=M:HERKOMST=10,2018-12-31,1207315.0
DST:ATYP032:ARBEJDSTIMER=TOTD:UDVALGTELØNMODTAGERE=TOTS:KØN=M:HERKOMST=10,2019-12-31,1213654.0
DST:ATYP032:ARBEJDSTIMER=TOTD:UDVALGTELØNMODTAGERE=TOTS:KØN=M:HERKOMST=10,2020-12-31,1205298.0
DST:ATYP032:ARBEJDSTIMER=TOTD:UDVALGTELØNMODTAGERE=TOTS:KØN=M:HERKOMST=10,2021-12-31,1247748.0
DST:ATYP032:ARBEJDSTIMER=TOTD:UDVALGTELØNMODTAGERE=TOTS:KØN=M:HERKOMST=10,2022-12-31,1261734.0
DST:ATYP032:ARBEJDSTIMER=TOTD:UDVALGTELØNMODTAGERE=TOTS:KØN=M:HERKOMST=10,2023-12-31,1265225.0
DST:ATYP032:ARBEJDSTIMER=TOTD:UDVALGTELØNMODTAGERE=TOTS:KØN=M:HERKOMST=10,2024-12-31,1269641.0
DST:ATYP032:ARBEJDSTIMER=TOTD:UDVALGTELØNMODTAGERE=TOTS:KØN=M:HERKOMST=24,2008-12-31,41374.0
DST:ATYP032:ARBEJDSTIMER=TOTD:UDVALGTELØNMODTAGERE=TOTS:KØN=M:HERKOMST=24,2009-12-31,40051.0
DST:ATYP032:ARBEJDSTIMER=TOTD:UDVALGTELØNMODTAGERE=TOTS:KØN=M:HERKOMST=24,2010-12-31,41786.0
DST:ATYP032:ARBEJDSTIMER=TOTD:UDVALGTELØNMODTAGERE=TOTS:KØN=M:HERKOMST=24,2011-12-31,45044.0
DST:ATYP032:ARBEJDSTIMER=TOTD:UDVALGTELØNMODTAGERE=TOTS:KØN=M:HERKOMST=24,2012-12-31,48035.0
DST:ATYP032:ARBEJDSTIMER=TOTD:UDVALGTELØNMODTAGERE=TOTS:KØN=M:HERKOMST=24,2013-12-31,51516.0
DST:ATYP032:ARBEJDSTIMER=TOTD:UDVALGTELØNMODTAGERE=TOTS:KØN=M:HERKOMST=24,2014-12-31,56907.0
DST:ATYP032:ARBEJDSTIMER=TOTD:UDVALGTELØNMODTAGERE=TOTS:KØN=M:HERKOMST=24,2015-12-31,63248.0
DST:ATYP032:ARBEJDSTIMER=TOTD:UDVALGTELØNMODTAGERE=TOTS:KØN=M:HERKOMST=24,2016-12-31,67976.0
DST:ATYP032:ARBEJDSTIMER=TOTD:UDVALGTELØNMODTAGERE=TOTS:KØN=M:HERKOMST=24,2017-12-31,72463.0
DST:ATYP032:ARBEJDSTIMER=TOTD:UDVALGTELØNMODTAGERE=TOTS:KØN=M:HERKOMST=24,2018-12-31,76542.0
DST:ATYP032:ARBEJDSTIMER=TOTD:UDVALGTELØNMODTAGERE=TOTS:KØN=M:HERKOMST=24,2019-12-31,78428.0
DST:ATYP032:ARBEJDSTIMER=TOTD:UDVALGTELØNMODTAGERE=TOTS:KØN=M:HERKOMST=24,2020-12-31,78021.0
DST:ATYP032:ARBEJDSTIMER=TOTD:UDVALGTELØNMODTAGERE=TOTS:KØN=M:HERKOMST=24,2021-12-31,86807.0
DST:ATYP032:ARBEJDSTIMER=TOTD:UDVALGTELØNMODTAGERE=TOTS:KØN=M:HERKOMST=24,2022-12-31,92757.0
DST:ATYP032:ARBEJDSTIMER=TOTD:UDVALGTELØNMODTAGERE=TOTS:KØN=M:HERKOMST=24,2023-12-31,95558.0
DST:ATYP032:ARBEJDSTIMER=TOTD:UDVALGTELØNMODTAGERE=TOTS:KØN=M:HERKOMST=24,2024-12-31,97273.0
DST:ATYP032:ARBEJDSTIMER=TOTD:UDVALGTELØNMODTAGERE=TOTS:KØN=M:HERKOMST=25,2008-12-31,57621.0
DST:ATYP032:ARBEJDSTIMER=TOTD:UDVALGTELØNMODTAGERE=TOTS:KØN=M:HERKOMST=25,2009-12-31,52607.0
DST:ATYP032:ARBEJDSTIMER=TOTD:UDVALGTELØNMODTAGERE=TOTS:KØN=M:HERKOMST=25,2010-12-31,51970.0
DST:ATYP032:ARBEJDSTIMER=TOTD:UDVALGTELØNMODTAGERE=TOTS:KØN=M:HERKOMST=25,2011-12-31,53035.0
DST:ATYP032:ARBEJDSTIMER=TOTD:UDVALGTELØNMODTAGERE=TOTS:KØN=M:HERKOMST=25,2012-12-31,53132.0
DST:ATYP032:ARBEJDSTIMER=TOTD:UDVALGTELØNMODTAGERE=TOTS:KØN=M:HERKOMST=25,2013-12-31,55147.0
DST:ATYP032:ARBEJDSTIMER=TOTD:UDVALGTELØNMODTAGERE=TOTS:KØN=M:HERKOMST=25,2014-12-31,58237.0
DST:ATYP032:ARBEJDSTIMER=TOTD:UDVALGTELØNMODTAGERE=TOTS:KØN=M:HERKOMST=25,2015-12-31,62412.0
DST:ATYP032:ARBEJDSTIMER=TOTD:UDVALGTELØNMODTAGERE=TOTS:KØN=M:HERKOMST=25,2016-12-31,69076.0
DST:ATYP032:ARBEJDSTIMER=TOTD:UDVALGTELØNMODTAGERE=TOTS:KØN=M:HERKOMST=25,2017-12-31,75543.0
DST:ATYP032:ARBEJDSTIMER=TOTD:UDVALGTELØNMODTAGERE=TOTS:KØN=M:HERKOMST=25,2018-12-31,81580.0
DST:ATYP032:ARBEJDSTIMER=TOTD:UDVALGTELØNMODTAGERE=TOTS:KØN=M:HERKOMST=25,2019-12-31,85978.0
DST:ATYP032:ARBEJDSTIMER=TOTD:UDVALGTELØNMODTAGERE=TOTS:KØN=M:HERKOMST=25,2020-12-31,85765.0
DST:ATYP032:ARBEJDSTIMER=TOTD:UDVALGTELØNMODTAGERE=TOTS:KØN=M:HERKOMST=25,2021-12-31,94304.0
DST:ATYP032:ARBEJDSTIMER=TOTD:UDVALGTELØNMODTAGERE=TOTS:KØN=M:HERKOMST=25,2022-12-31,102031.0
DST:ATYP032:ARBEJDSTIMER=TOTD:UDVALGTELØNMODTAGERE=TOTS:KØN=M:HERKOMST=25,2023-12-31,110316.0
DST:ATYP032:ARBEJDSTIMER=TOTD:UDVALGTELØNMODTAGERE=TOTS:KØN=M:HERKOMST=25,2024-12-31,118907.0
DST:ATYP032:ARBEJDSTIMER=TOTD:UDVALGTELØNMODTAGERE=TOTS:KØN=M:HERKOMST=34,2008-12-31,2979.0
DST:ATYP032:ARBEJDSTIMER=TOTD:UDVALGTELØNMODTAGERE=TOTS:KØN=M:HERKOMST=34,2009-12-31,2787.0
DST:ATYP032:ARBEJDSTIMER=TOTD:UDVALGTELØNMODTAGERE=TOTS:KØN=M:HERKOMST=34,2010-12-31,2727.0
DST:ATYP032:ARBEJDSTIMER=TOTD:UDVALGTELØNMODTAGERE=TOTS:KØN=M:HERKOMST=34,2011-12-31,2839.0
DST:ATYP032:ARBEJDSTIMER=TOTD:UDVALGTELØNMODTAGERE=TOTS:KØN=M:HERKOMST=34,2012-12-31,2844.0
DST:ATYP032:ARBEJDSTIMER=TOTD:UDVALGTELØNMODTAGERE=TOTS:KØN=M:HERKOMST=34,2013-12-31,2927.0
DST:ATYP032:ARBEJDSTIMER=TOTD:UDVALGTELØNMODTAGERE=TOTS:KØN=M:HERKOMST=34,2014-12-31,3084.0
DST:ATYP032:ARBEJDSTIMER=TOTD:UDVALGTELØNMODTAGERE=TOTS:KØN=M:HERKOMST=34,2015-12-31,3182.0
DST:ATYP032:ARBEJDSTIMER=TOTD:UDVALGTELØNMODTAGERE=TOTS:KØN=M:HERKOMST=34,2016-12-31,3316.0
DST:ATYP032:ARBEJDSTIMER=TOTD:UDVALGTELØNMODTAGERE=TOTS:KØN=M:HERKOMST=34,2017-12-31,3455.0
DST:ATYP032:ARBEJDSTIMER=TOTD:UDVALGTELØNMODTAGERE=TOTS:KØN=M:HERKOMST=34,2018-12-31,3604.0
DST:ATYP032:ARBEJDSTIMER=TOTD:UDVALGTELØNMODTAGERE=TOTS:KØN=M:HERKOMST=34,2019-12-31,3729.0
DST:ATYP032:ARBEJDSTIMER=TOTD:UDVALGTELØNMODTAGERE=TOTS:KØN=M:HERKOMST=34,2020-12-31,3781.0
DST:ATYP032:ARBEJDSTIMER=TOTD:UDVALGTELØNMODTAGERE=TOTS:KØN=M:HERKOMST=34,2021-12-31,4118.0
DST:ATYP032:ARBEJDSTIMER=TOTD:UDVALGTELØNMODTAGERE=TOTS:KØN=M:HERKOMST=34,2022-12-31,4504.0
DST:ATYP032:ARBEJDSTIMER=TOTD:UDVALGTELØNMODTAGERE=TOTS:KØN=M:HERKOMST=34,2023-12-31,4670.0
DST:ATYP032:ARBEJDSTIMER=TOTD:UDVALGTELØNMODTAGERE=TOTS:KØN=M:HERKOMST=34,2024-12-31,4812.0
DST:ATYP032:ARBEJDSTIMER=TOTD:UDVALGTELØNMODTAGERE=TOTS:KØN=M:HERKOMST=35,2008-12-31,10710.0
DST:ATYP032:ARBEJDSTIMER=TOTD:UDVALGTELØNMODTAGERE=TOTS:KØN=M:HERKOMST=35,2009-12-31,10223.0
DST:ATYP032:ARBEJDSTIMER=TOTD:UDVALGTELØNMODTAGERE=TOTS:KØN=M:HERKOMST=35,2010-12-31,10884.0
DST:ATYP032:ARBEJDSTIMER=TOTD:UDVALGTELØNMODTAGERE=TOTS:KØN=M:HERKOMST=35,2011-12-31,11796.0
DST:ATYP032:ARBEJDSTIMER=TOTD:UDVALGTELØNMODTAGERE=TOTS:KØN=M:HERKOMST=35,2012-12-31,12654.0
DST:ATYP032:ARBEJDSTIMER=TOTD:UDVALGTELØNMODTAGERE=TOTS:KØN=M:HERKOMST=35,2013-12-31,13779.0
DST:ATYP032:ARBEJDSTIMER=TOTD:UDVALGTELØNMODTAGERE=TOTS:KØN=M:HERKOMST=35,2014-12-31,15210.0
DST:ATYP032:ARBEJDSTIMER=TOTD:UDVALGTELØNMODTAGERE=TOTS:KØN=M:HERKOMST=35,2015-12-31,17127.0
DST:ATYP032:ARBEJDSTIMER=TOTD:UDVALGTELØNMODTAGERE=TOTS:KØN=M:HERKOMST=35,2016-12-31,18956.0
DST:ATYP032:ARBEJDSTIMER=TOTD:UDVALGTELØNMODTAGERE=TOTS:KØN=M:HERKOMST=35,2017-12-31,20880.0
DST:ATYP032:ARBEJDSTIMER=TOTD:UDVALGTELØNMODTAGERE=TOTS:KØN=M:HERKOMST=35,2018-12-31,22819.0
DST:ATYP032:ARBEJDSTIMER=TOTD:UDVALGTELØNMODTAGERE=TOTS:KØN=M:HERKOMST=35,2019-12-31,24879.0
DST:ATYP032:ARBEJDSTIMER=TOTD:UDVALGTELØNMODTAGERE=TOTS:KØN=M:HERKOMST=35,2020-12-31,26016.0
DST:ATYP032:ARBEJDSTIMER=TOTD:UDVALGTELØNMODTAGERE=TOTS:KØN=M:HERKOMST=35,2021-12-31,30940.0
DST:ATYP032:ARBEJDSTIMER=TOTD:UDVALGTELØNMODTAGERE=TOTS:KØN=M:HERKOMST=35,2022-12-31,32884.0
DST:ATYP032:ARBEJDSTIMER=TOTD:UDVALGTELØNMODTAGERE=TOTS:KØN=M:HERKOMST=35,2023-12-31,34149.0
DST:ATYP032:ARBEJDSTIMER=TOTD:UDVALGTELØNMODTAGERE=TOTS:KØN=M:HERKOMST=35,2024-12-31,35604.0
DST:ATYP032:ARBEJDSTIMER=TOTD:UDVALGTELØNMODTAGERE=TOTS:KØN=M:HERKOMST=TOTAL,2008-12-31,1344413.0
DST:ATYP032:ARBEJDSTIMER=TOTD:UDVALGTELØNMODTAGERE=TOTS:KØN=M:HERKOMST=TOTAL,2009-12-31,1264711.0
DST:ATYP032:ARBEJDSTIMER=TOTD:UDVALGTELØNMODTAGERE=TOTS:KØN=M:HERKOMST=TOTAL,2010-12-31,1261025.0
DST:ATYP032:ARBEJDSTIMER=TOTD:UDVALGTELØNMODTAGERE=TOTS:KØN=M:HERKOMST=TOTAL,2011-12-31,1269139.0
DST:ATYP032:ARBEJDSTIMER=TOTD:UDVALGTELØNMODTAGERE=TOTS:KØN=M:HERKOMST=TOTAL,2012-12-31,1264986.0
DST:ATYP032:ARBEJDSTIMER=TOTD:UDVALGTELØNMODTAGERE=TOTS:KØN=M:HERKOMST=TOTAL,2013-12-31,1271342.0
DST:ATYP032:ARBEJDSTIMER=TOTD:UDVALGTELØNMODTAGERE=TOTS:KØN=M:HERKOMST=TOTAL,2014-12-31,1288994.0
DST:ATYP032:ARBEJDSTIMER=TOTD:UDVALGTELØNMODTAGERE=TOTS:KØN=M:HERKOMST=TOTAL,2015-12-31,1313948.0
DST:ATYP032:ARBEJDSTIMER=TOTD:UDVALGTELØNMODTAGERE=TOTS:KØN=M:HERKOMST=TOTAL,2016-12-31,1342614.0
DST:ATYP032:ARBEJDSTIMER=TOTD:UDVALGTELØNMODTAGERE=TOTS:KØN=M:HERKOMST=TOTAL,2017-12-31,1366978.0
DST:ATYP032:ARBEJDSTIMER=TOTD:UDVALGTELØNMODTAGERE=TOTS:KØN=M:HERKOMST=TOTAL,2018-12-31,1391860.0
DST:ATYP032:ARBEJDSTIMER=TOTD:UDVALGTELØNMODTAGERE=TOTS:KØN=M:HERKOMST=TOTAL,2019-12-31,1406668.0
DST:ATYP032:ARBEJDSTIMER=TOTD:UDVALGTELØNMODTAGERE=TOTS:KØN=M:HERKOMST=TOTAL,2020-12-31,1398881.0
DST:ATYP032:ARBEJDSTIMER=TOTD:UDVALGTELØNMODTAGERE=TOTS:KØN=M:HERKOMST=TOTAL,2021-12-31,1463917.0
DST:ATYP032:ARBEJDSTIMER=TOTD:UDVALGTELØNMODTAGERE=TOTS:KØN=M:HERKOMST=TOTAL,2022-12-31,1493910.0
DST:ATYP032:ARBEJDSTIMER=TOTD:UDVALGTELØNMODTAGERE=TOTS:KØN=M:HERKOMST=TOTAL,2023-12-31,1509918.0
DST:ATYP032:ARBEJDSTIMER=TOTD:UDVALGTELØNMODTAGERE=TOTS:KØN=M:HERKOMST=TOTAL,2024-12-31,1526237.0
